3 0.0546875 0.1484375 0.1203125 0.1484375 0.1203125 0.278125 0.0546875 0.278125
3 0.1578125 0.2078125 0.2265625 0.2078125 0.2265625 0.3203125 0.1578125 0.3203125
3 0.2796875 0.1859375 0.3484375 0.1859375 0.3484375 0.296875 0.2796875 0.296875
3 0.3375 0.3046875 0.4015625 0.3046875 0.4015625 0.4109375 0.3375 0.4109375
3 0.4328125 0.240625 0.4890625 0.240625 0.4890625 0.353125 0.4328125 0.353125
3 0.521875 0.240625 0.56875 0.240625 0.56875 0.3375 0.521875 0.3375
3 0.5890625 0.3078125 0.6546875 0.3078125 0.6546875 0.4234375 0.5890625 0.4234375
3 0.6953125 0.3078125 0.7546875 0.3078125 0.7546875 0.4109375 0.6953125 0.4109375
3 0.778125 0.228125 0.834375 0.228125 0.834375 0.340625 0.778125 0.340625
3 0.875 0.228125 0.9265625 0.228125 0.9265625 0.334375 0.875 0.334375
3 0.9640625 0.225 1 0.225 1 0.3484375 0.9640625 0.3484375