6 0 0.7453125 0.1140625 0.7453125 0.1140625 0.91875 0 0.91875
3 0 0.5828125 0.1421875 0.5828125 0.1421875 0.7484375 0 0.7484375
3 0 0.41875 0.165625 0.41875 0.165625 0.5765625 0 0.5765625
3 0.015625 0.2609375 0.1828125 0.2609375 0.1828125 0.4296875 0.015625 0.4296875
3 0.034375 0.103125 0.2125 0.103125 0.2125 0.2875 0.034375 0.2875
3 0.0609375 0 0.2546875 0 0.2546875 0.1375 0.0609375 0.1375
3 0.2390625 0 0.41875 0 0.41875 0.1640625 0.2390625 0.1640625
3 0.2125 0.146875 0.3890625 0.146875 0.3890625 0.30625 0.2125 0.30625
3 0.184375 0.3125 0.340625 0.3125 0.340625 0.4484375 0.184375 0.4484375
3 0.153125 0.4625 0.2984375 0.4625 0.2984375 0.6140625 0.153125 0.6140625
3 0.134375 0.621875 0.2828125 0.621875 0.2828125 0.7640625 0.134375 0.7640625
3 0.10625 0.784375 0.25625 0.784375 0.25625 0.9359375 0.10625 0.9359375
3 0.259375 0.80625 0.4078125 0.80625 0.4078125 0.9703125 0.259375 0.9703125
3 0.3015625 0.64375 0.4375 0.64375 0.4375 0.8046875 0.3015625 0.8046875
3 0.31875 0.49375 0.4671875 0.49375 0.4671875 0.65 0.31875 0.65
3 0.4015625 0 0.565625 0 0.565625 0.1703125 0.4015625 0.1703125
3 0.5546875 0.021875 0.725 0.021875 0.725 0.1859375 0.5546875 0.1859375
3 0.534375 0.1796875 0.7015625 0.1796875 0.7015625 0.34375 0.534375 0.34375
3 0.509375 0.340625 0.6765625 0.340625 0.6765625 0.528125 0.509375 0.528125
3 0.4671875 0.4875 0.6453125 0.4875 0.6453125 0.665625 0.4671875 0.665625
3 0.453125 0.66875 0.6328125 0.66875 0.6328125 0.8296875 0.453125 0.8296875
3 0.4 0.83125 0.578125 0.83125 0.578125 0.9828125 0.4 0.9828125
3 0.5515625 0.8578125 0.728125 0.8578125 0.728125 1 0.5515625 1
3 0.5984375 0.6984375 0.7859375 0.6984375 0.7859375 0.8546875 0.5984375 0.8546875
3 0.6421875 0.5484375 0.803125 0.5484375 0.803125 0.728125 0.6421875 0.728125
3 0.6578125 0.36875 0.80625 0.36875 0.80625 0.553125 0.6578125 0.553125
3 0.678125 0.2484375 0.8359375 0.2484375 0.8359375 0.3921875 0.678125 0.3921875
3 0.7203125 0.053125 0.86875 0.053125 0.86875 0.2203125 0.7203125 0.2203125
3 0.8859375 0.06875 1 0.06875 1 0.2546875 0.8859375 0.2546875
3 0.8703125 0.2609375 0.984375 0.2609375 0.984375 0.3921875 0.8703125 0.3921875
3 0.8234375 0.4046875 0.9765625 0.4046875 0.9765625 0.5734375 0.8234375 0.5734375
3 0.8015625 0.575 0.946875 0.575 0.946875 0.7421875 0.8015625 0.7421875
3 0.7609375 0.71875 0.915625 0.71875 0.915625 0.884375 0.7609375 0.884375
3 0.7515625 0.8796875 0.89375 0.8796875 0.89375 1 0.7515625 1