3 0.6328125 0.8265625 0.91875 0.8265625 0.91875 1 0.6328125 1
5 0.678125 0.65 0.9625 0.65 0.9625 0.8890625 0.678125 0.8890625
6 0.7203125 0.45 1 0.45 1 0.7109375 0.7203125 0.7109375
0 0.7640625 0.278125 1 0.278125 1 0.5140625 0.7640625 0.5140625
6 0.809375 0.0875 1 0.0875 1 0.346875 0.809375 0.346875
1 0.3859375 0.7671875 0.6765625 0.7671875 0.6765625 1 0.3859375 1
3 0.434375 0.5828125 0.7203125 0.5828125 0.7203125 0.8296875 0.434375 0.8296875
3 0.48125 0.396875 0.76875 0.396875 0.76875 0.6390625 0.48125 0.6390625
2 0.5265625 0.2265625 0.815625 0.2265625 0.815625 0.45 0.5265625 0.45
5 0.565625 0.03125 0.85625 0.03125 0.85625 0.284375 0.565625 0.284375
6 0.14375 0.70625 0.4359375 0.70625 0.4359375 0.9625 0.14375 0.9625
5 0.19375 0.5234375 0.4796875 0.5234375 0.4796875 0.7671875 0.19375 0.7671875
2 0.2390625 0.3390625 0.525 0.3390625 0.525 0.5875 0.2390625 0.5875
2 0.2796875 0.15625 0.571875 0.15625 0.571875 0.396875 0.2796875 0.396875
2 0.325 0 0.615625 0 0.615625 0.21875 0.325 0.21875
6 0 0.65 0.1890625 0.65 0.1890625 0.8921875 0 0.8921875
1 0 0.4640625 0.2359375 0.4640625 0.2359375 0.7109375 0 0.7109375
6 0 0.2890625 0.2765625 0.2890625 0.2765625 0.515625 0 0.515625
1 0.0375 0.1125 0.3234375 0.1125 0.3234375 0.3484375 0.0375 0.3484375
2 0.084375 0 0.3671875 0 0.3671875 0.159375 0.084375 0.159375