3 0.8484375 0.1109375 0.925 0.1109375 0.925 0.2453125 0.8484375 0.2453125
3 0.7484375 0.1796875 0.825 0.1796875 0.825 0.296875 0.7484375 0.296875
3 0.625 0.16875 0.7015625 0.16875 0.7015625 0.284375 0.625 0.284375
3 0.58125 0.290625 0.6546875 0.290625 0.6546875 0.4015625 0.58125 0.4015625
3 0.4890625 0.2359375 0.553125 0.2359375 0.553125 0.3515625 0.4890625 0.3515625
3 0.409375 0.24375 0.4640625 0.24375 0.4640625 0.34375 0.409375 0.34375
3 0.3296875 0.3171875 0.4046875 0.3171875 0.4046875 0.4375 0.3296875 0.4375
3 0.2296875 0.3265625 0.2984375 0.3265625 0.2984375 0.4328125 0.2296875 0.4328125
3 0.1453125 0.2546875 0.209375 0.2546875 0.209375 0.3703125 0.1453125 0.3703125
3 0.0515625 0.2625 0.1125 0.2625 0.1125 0.3734375 0.0515625 0.3734375
3 0 0.2671875 0.025 0.2671875 0.025 0.39375 0 0.39375