3 0.0015625 0.4046875 0.1359375 0.4046875 0.1359375 0.5984375 0.0015625 0.5984375
3 0.0078125 0.215625 0.1296875 0.215625 0.1296875 0.40625 0.0078125 0.40625
3 0.0828125 0.121875 0.2046875 0.121875 0.2046875 0.290625 0.0828125 0.290625
3 0.165625 0.2171875 0.2828125 0.2171875 0.2828125 0.3671875 0.165625 0.3671875
3 0.1671875 0.3078125 0.29375 0.3078125 0.29375 0.5203125 0.1671875 0.5203125
3 0.1296875 0.4484375 0.2765625 0.4484375 0.2765625 0.66875 0.1296875 0.66875
3 0.2515625 0.684375 0.4015625 0.684375 0.4015625 0.9125 0.2515625 0.9125
3 0.3875 0.5953125 0.5359375 0.5953125 0.5359375 0.83125 0.3875 0.83125
3 0.28125 0.3953125 0.446875 0.3953125 0.446875 0.609375 0.28125 0.609375
3 0.3390625 0.2328125 0.48125 0.2328125 0.48125 0.4140625 0.3390625 0.4140625
3 0.2546875 0.1046875 0.365625 0.1046875 0.365625 0.275 0.2546875 0.275
3 0.334375 0.1375 0.446875 0.1375 0.446875 0.3171875 0.334375 0.3171875
3 0.4921875 0.0796875 0.6171875 0.0796875 0.6171875 0.265625 0.4921875 0.265625
3 0.46875 0.2015625 0.603125 0.2015625 0.603125 0.409375 0.46875 0.409375
3 0.4 0.3640625 0.55 0.3640625 0.55 0.5796875 0.4 0.5796875
3 0.571875 0.5875 0.7375 0.5875 0.7375 0.828125 0.571875 0.828125
3 0.5953125 0.3234375 0.7515625 0.3234375 0.7515625 0.5578125 0.5953125 0.5578125
3 0.628125 0.1546875 0.765625 0.1546875 0.765625 0.3578125 0.628125 0.3578125
3 0.65 0.0734375 0.7546875 0.0734375 0.7546875 0.2359375 0.65 0.2359375
3 0.7734375 0.084375 0.878125 0.084375 0.878125 0.2453125 0.7734375 0.2453125
3 0.828125 0.14375 0.9546875 0.14375 0.9546875 0.30625 0.828125 0.30625
3 0.784375 0.2078125 0.91875 0.2078125 0.91875 0.4171875 0.784375 0.4171875
3 0.765625 0.3953125 0.965625 0.3953125 0.965625 0.6546875 0.765625 0.6546875