6 0.7734375 0 0.9390625 0 0.9390625 0.128125 0.7734375 0.128125
3 0.609375 0 0.7671875 0 0.7671875 0.1484375 0.609375 0.1484375
3 0.4453125 0 0.5953125 0 0.5953125 0.1640625 0.4453125 0.1640625
3 0.2859375 0.0109375 0.4484375 0.0109375 0.4484375 0.171875 0.2859375 0.171875
3 0.1265625 0.0234375 0.3046875 0.0234375 0.3046875 0.1953125 0.1265625 0.1953125
3 0 0.040625 0.1515625 0.040625 0.1515625 0.2265625 0 0.2265625
3 0 0.2203125 0.1703125 0.2203125 0.1703125 0.3921875 0 0.3921875
3 0.1609375 0.2015625 0.3140625 0.2015625 0.3140625 0.3734375 0.1609375 0.3734375
3 0.328125 0.18125 0.4578125 0.18125 0.4578125 0.3328125 0.328125 0.3328125
3 0.4796875 0.1578125 0.625 0.1578125 0.625 0.2984375 0.4796875 0.2984375
3 0.6390625 0.1484375 0.7765625 0.1484375 0.7765625 0.2921875 0.6390625 0.2921875
3 0.803125 0.128125 0.9484375 0.128125 0.9484375 0.2734375 0.803125 0.2734375
3 0.8171875 0.2828125 0.9765625 0.2828125 0.9765625 0.425 0.8171875 0.425
3 0.653125 0.315625 0.809375 0.315625 0.809375 0.4453125 0.653125 0.4453125
3 0.503125 0.325 0.653125 0.325 0.653125 0.4671875 0.503125 0.4671875
3 0 0.384375 0.16875 0.384375 0.16875 0.540625 0 0.540625
3 0.01875 0.5375 0.1765625 0.5375 0.1765625 0.7015625 0.01875 0.7015625
3 0.1765625 0.525 0.334375 0.525 0.334375 0.6859375 0.1765625 0.6859375
3 0.3390625 0.509375 0.5203125 0.509375 0.5203125 0.66875 0.3390625 0.66875
3 0.4890625 0.475 0.659375 0.475 0.659375 0.6453125 0.4890625 0.6453125
3 0.66875 0.46875 0.8234375 0.46875 0.8234375 0.6421875 0.66875 0.6421875
3 0.834375 0.425 0.9796875 0.425 0.9796875 0.596875 0.834375 0.596875
3 0.853125 0.578125 1 0.578125 1 0.7484375 0.853125 0.7484375
3 0.6921875 0.615625 0.840625 0.615625 0.840625 0.796875 0.6921875 0.796875
3 0.5390625 0.6515625 0.7125 0.6515625 0.7125 0.80625 0.5390625 0.80625
3 0.3578125 0.659375 0.5375 0.659375 0.5375 0.8 0.3578125 0.8
3 0.2390625 0.6703125 0.3765625 0.6703125 0.3765625 0.8234375 0.2390625 0.8234375
3 0.040625 0.7046875 0.203125 0.7046875 0.203125 0.846875 0.040625 0.846875
3 0.046875 0.871875 0.2265625 0.871875 0.2265625 1 0.046875 1
3 0.240625 0.8640625 0.36875 0.8640625 0.36875 0.9734375 0.240625 0.9734375
3 0.3859375 0.8265625 0.5484375 0.8265625 0.5484375 0.9734375 0.3859375 0.9734375
3 0.5578125 0.8125 0.7203125 0.8125 0.7203125 0.9515625 0.5578125 0.9515625
3 0.703125 0.778125 0.8640625 0.778125 0.8640625 0.9265625 0.703125 0.9265625
3 0.8640625 0.778125 1 0.778125 1 0.9140625 0.8640625 0.9140625