3 0.0828125 0 0.2953125 0 0.2953125 0.1328125 0.0828125 0.1328125
3 0.0625 0.1109375 0.275 0.1109375 0.275 0.2953125 0.0625 0.2953125
3 0.040625 0.2625 0.2546875 0.2625 0.2546875 0.45 0.040625 0.45
3 0.2828125 0 0.4984375 0 0.4984375 0.1671875 0.2828125 0.1671875
3 0.2484375 0.1359375 0.4578125 0.1359375 0.4578125 0.321875 0.2484375 0.321875
3 0.225 0.29375 0.4265625 0.29375 0.4265625 0.4875 0.225 0.4875
3 0.409375 0.321875 0.615625 0.321875 0.615625 0.5140625 0.409375 0.5140625
3 0.4390625 0.16875 0.6515625 0.16875 0.6515625 0.35625 0.4390625 0.35625
3 0.4640625 0.009375 0.6828125 0.009375 0.6828125 0.1984375 0.4640625 0.1984375
3 0.653125 0.0375 0.85625 0.0375 0.85625 0.2359375 0.653125 0.2359375
3 0.840625 0.06875 1 0.06875 1 0.2703125 0.840625 0.2703125
3 0.80625 0.234375 1 0.234375 1 0.4296875 0.80625 0.4296875
3 0.7734375 0.3890625 0.9953125 0.3890625 0.9953125 0.58125 0.7734375 0.58125
5 0.75625 0.553125 0.9734375 0.553125 0.9734375 0.7453125 0.75625 0.7453125
5 0.565625 0.521875 0.778125 0.521875 0.778125 0.7015625 0.565625 0.7015625
5 0.3765625 0.4828125 0.5828125 0.4828125 0.5828125 0.6734375 0.3765625 0.6734375
5 0.1921875 0.4609375 0.403125 0.4609375 0.403125 0.6390625 0.1921875 0.6390625
5 0.0015625 0.4171875 0.2234375 0.4171875 0.2234375 0.6 0.0015625 0.6
5 0 0.584375 0.190625 0.584375 0.190625 0.7640625 0 0.7640625
5 0 0.7390625 0.159375 0.7390625 0.159375 0.93125 0 0.93125
5 0.14375 0.7765625 0.353125 0.7765625 0.353125 0.9640625 0.14375 0.9640625
5 0.16875 0.6171875 0.3796875 0.6171875 0.3796875 0.79375 0.16875 0.79375
5 0.3640625 0.65 0.5703125 0.65 0.5703125 0.825 0.3640625 0.825
5 0.321875 0.803125 0.540625 0.803125 0.540625 1 0.321875 1
5 0.503125 0.8375 0.728125 0.8375 0.728125 1 0.503125 1
5 0.70625 0.875 0.9015625 0.875 0.9015625 1 0.70625 1
5 0.721875 0.7125 0.9390625 0.7125 0.9390625 0.89375 0.721875 0.89375