0 0.521875 0.3640625 0.6421875 0.3640625 0.6421875 0.4921875 0.521875 0.4921875
0 0.80625 0.534375 0.953125 0.534375 0.953125 0.678125 0.80625 0.678125
0 0.325 0.54375 0.4640625 0.54375 0.4640625 0.6875 0.325 0.6875
0 0.0390625 0.84375 0.153125 0.84375 0.153125 0.9765625 0.0390625 0.9765625
0 0.1703125 0.8453125 0.290625 0.8453125 0.290625 0.9765625 0.1703125 0.9765625
0 0.3234375 0.8453125 0.4609375 0.8453125 0.4609375 0.975 0.3234375 0.975
0 0.3203125 0.7046875 0.4625 0.7046875 0.4625 0.834375 0.3203125 0.834375
0 0.16875 0.54375 0.2984375 0.54375 0.2984375 0.690625 0.16875 0.690625
0 0.03125 0.546875 0.1484375 0.546875 0.1484375 0.7015625 0.03125 0.7015625
4 0.8 0.0625 0.94375 0.0625 0.94375 0.20625 0.8 0.20625
4 0.653125 0.065625 0.7859375 0.065625 0.7859375 0.2125 0.653125 0.2125
4 0.503125 0.06875 0.6375 0.06875 0.6375 0.215625 0.503125 0.215625
4 0.8109375 0.2140625 0.9484375 0.2140625 0.9484375 0.3609375 0.8109375 0.3609375
4 0.6703125 0.2234375 0.790625 0.2234375 0.790625 0.365625 0.6703125 0.365625
4 0.5234375 0.2234375 0.6390625 0.2234375 0.6390625 0.3515625 0.5234375 0.3515625
4 0.81875 0.3734375 0.946875 0.3734375 0.946875 0.496875 0.81875 0.496875
4 0.675 0.36875 0.7859375 0.36875 0.7859375 0.4921875 0.675 0.4921875
3 0.665625 0.5453125 0.7921875 0.5453125 0.7921875 0.678125 0.665625 0.678125
3 0.5203125 0.5390625 0.6453125 0.5390625 0.6453125 0.6765625 0.5203125 0.6765625
3 0.5359375 0.696875 0.6515625 0.696875 0.6515625 0.8296875 0.5359375 0.8296875
3 0.6625 0.6890625 0.790625 0.6890625 0.790625 0.840625 0.6625 0.840625
3 0.825 0.6890625 0.95 0.6890625 0.95 0.8265625 0.825 0.8265625
3 0.809375 0.84375 0.95 0.84375 0.95 0.9765625 0.809375 0.9765625
3 0.6515625 0.846875 0.796875 0.846875 0.796875 0.971875 0.6515625 0.971875
3 0.5234375 0.8390625 0.6515625 0.8390625 0.6515625 0.9671875 0.5234375 0.9671875
3 0.1640625 0.0734375 0.2890625 0.0734375 0.2890625 0.2234375 0.1640625 0.2234375
4 0.30625 0.06875 0.4484375 0.06875 0.4484375 0.2296875 0.30625 0.2296875
4 0.0078125 0.06875 0.146875 0.06875 0.146875 0.2328125 0.0078125 0.2328125
4 0.0046875 0.225 0.15625 0.225 0.15625 0.3671875 0.0046875 0.3671875
4 0.0140625 0.36875 0.1578125 0.36875 0.1578125 0.5125 0.0140625 0.5125
4 0.16875 0.3734375 0.3 0.3734375 0.3 0.50625 0.16875 0.50625
4 0.30625 0.36875 0.4578125 0.36875 0.4578125 0.50625 0.30625 0.50625
4 0.315625 0.234375 0.453125 0.234375 0.453125 0.371875 0.315625 0.371875