3 0.5765625 0.0359375 0.771875 0.0359375 0.771875 0.1765625 0.5765625 0.1765625
3 0.753125 0.11875 0.9453125 0.11875 0.9453125 0.246875 0.753125 0.246875
3 0.828125 0.23125 0.9984375 0.23125 0.9984375 0.3578125 0.828125 0.3578125
3 0.728125 0.271875 0.8796875 0.271875 0.8796875 0.39375 0.728125 0.39375
3 0.58125 0.221875 0.7953125 0.221875 0.7953125 0.3546875 0.58125 0.3546875
3 0.4578125 0.1296875 0.6796875 0.1296875 0.6796875 0.28125 0.4578125 0.28125
3 0.1828125 0.140625 0.4140625 0.140625 0.4140625 0.2984375 0.1828125 0.2984375
3 0.203125 0.3015625 0.440625 0.3015625 0.440625 0.4578125 0.203125 0.4578125
3 0.4453125 0.2890625 0.6625 0.2890625 0.6625 0.4609375 0.4453125 0.4609375
3 0.60625 0.4171875 0.790625 0.4171875 0.790625 0.5640625 0.60625 0.5640625
3 0.775 0.39375 0.946875 0.39375 0.946875 0.509375 0.775 0.509375
3 0.7046875 0.4515625 0.8859375 0.4515625 0.8859375 0.5703125 0.7046875 0.5703125
3 0.6828125 0.61875 0.871875 0.61875 0.871875 0.7484375 0.6828125 0.7484375
3 0.559375 0.5421875 0.76875 0.5421875 0.76875 0.6828125 0.559375 0.6828125
3 0.428125 0.4125 0.6453125 0.4125 0.6453125 0.5671875 0.428125 0.5671875
3 0.1265625 0.4703125 0.3703125 0.4703125 0.3703125 0.64375 0.1265625 0.64375
3 0.365625 0.6015625 0.6015625 0.6015625 0.6015625 0.7640625 0.365625 0.7640625
3 0.540625 0.7078125 0.746875 0.7078125 0.746875 0.85 0.540625 0.85
3 0.653125 0.7703125 0.8171875 0.7703125 0.8171875 0.8796875 0.653125 0.8796875
3 0.59375 0.878125 0.75625 0.878125 0.75625 0.9875 0.59375 0.9875
3 0.509375 0.903125 0.6734375 0.903125 0.6734375 1 0.509375 1
3 0.4234375 0.828125 0.634375 0.828125 0.634375 0.96875 0.4234375 0.96875
3 0.1984375 0.7203125 0.4609375 0.7203125 0.4609375 0.9265625 0.1984375 0.9265625