5 0.771875 0.0484375 0.9796875 0.0484375 0.9796875 0.265625 0.771875 0.265625
5 0.546875 0.0421875 0.7453125 0.0421875 0.7453125 0.2484375 0.546875 0.2484375
5 0.3265625 0.0265625 0.4890625 0.0265625 0.4890625 0.2234375 0.3265625 0.2234375
5 0.0859375 0.0203125 0.2609375 0.0203125 0.2609375 0.2 0.0859375 0.2
4 0.0375 0.2578125 0.2390625 0.2578125 0.2390625 0.4390625 0.0375 0.4390625
5 0.275 0.2640625 0.478125 0.2640625 0.478125 0.4625 0.275 0.4625
5 0.55 0.275 0.73125 0.275 0.73125 0.465625 0.55 0.465625
5 0.771875 0.290625 0.9578125 0.290625 0.9578125 0.471875 0.771875 0.471875
5 0.515625 0.5125 0.7171875 0.5125 0.7171875 0.70625 0.515625 0.70625
5 0.3 0.5109375 0.475 0.5109375 0.475 0.690625 0.3 0.690625
5 0.7546875 0.7609375 0.921875 0.7609375 0.921875 0.9578125 0.7546875 0.9578125
5 0.290625 0.7375 0.4484375 0.7375 0.4484375 0.9296875 0.290625 0.9296875
5 0.0546875 0.7265625 0.240625 0.7265625 0.240625 0.925 0.0546875 0.925
5 0.0265625 0.4734375 0.253125 0.4734375 0.253125 0.7078125 0.0265625 0.7078125
4 0.7515625 0.5375 0.9546875 0.5375 0.9546875 0.7265625 0.7515625 0.7265625
4 0.5171875 0.759375 0.6921875 0.759375 0.6921875 0.959375 0.5171875 0.959375