5 0.546875 0.009375 0.9828125 0.009375 0.9828125 0.2453125 0.546875 0.2453125
5 0.5390625 0.178125 0.9421875 0.178125 0.9421875 0.4 0.5390625 0.4
5 0.5015625 0.33125 0.925 0.33125 0.925 0.565625 0.5015625 0.565625
5 0.1703125 0 0.58125 0 0.58125 0.16875 0.1703125 0.16875
5 0.078125 0.4265625 0.5015625 0.4265625 0.5015625 0.6703125 0.078125 0.6703125
5 0.046875 0.596875 0.4734375 0.596875 0.4734375 0.83125 0.046875 0.83125
5 0.4484375 0.6640625 0.8625 0.6640625 0.8625 0.9 0.4484375 0.9
5 0.48125 0.5 0.8984375 0.5 0.8984375 0.7328125 0.48125 0.7328125
5 0.4140625 0.8296875 0.8328125 0.8296875 0.8328125 1 0.4140625 1
5 0.025 0.7640625 0.446875 0.7640625 0.446875 0.9921875 0.025 0.9921875
5 0.1125 0.2703125 0.5203125 0.2703125 0.5203125 0.490625 0.1125 0.490625
6 0.1375 0.103125 0.55 0.103125 0.55 0.33125 0.1375 0.33125