3 0.034375 0.2359375 0.171875 0.2359375 0.171875 0.4296875 0.034375 0.4296875
3 0.1140625 0.0609375 0.2390625 0.0609375 0.2390625 0.253125 0.1140625 0.253125
3 0.225 0.00625 0.3484375 0.00625 0.3484375 0.175 0.225 0.175
3 0.2671875 0.125 0.3875 0.125 0.3875 0.2765625 0.2671875 0.2765625
3 0.2203125 0.209375 0.35 0.209375 0.35 0.421875 0.2203125 0.421875
3 0.1296875 0.3265625 0.278125 0.3265625 0.278125 0.5484375 0.1296875 0.5484375
3 0.146875 0.5921875 0.3 0.5921875 0.3 0.821875 0.146875 0.821875
3 0.30625 0.5640625 0.459375 0.5640625 0.459375 0.8 0.30625 0.8
3 0.2890625 0.3421875 0.4578125 0.3421875 0.4578125 0.5578125 0.2890625 0.5578125
3 0.4140625 0.2109375 0.5578125 0.2109375 0.5578125 0.39375 0.4140625 0.39375
3 0.3890625 0.0546875 0.503125 0.0546875 0.503125 0.2265625 0.3890625 0.2265625
3 0.4484375 0.115625 0.5640625 0.115625 0.5640625 0.296875 0.4484375 0.296875
3 0.6140625 0.1265625 0.7421875 0.1265625 0.7421875 0.3140625 0.6140625 0.3140625
3 0.540625 0.2296875 0.678125 0.2296875 0.678125 0.4390625 0.540625 0.4390625
3 0.4125 0.35625 0.565625 0.35625 0.565625 0.571875 0.4125 0.571875
3 0.4765625 0.6296875 0.646875 0.6296875 0.646875 0.871875 0.4765625 0.871875
3 0.603125 0.3953125 0.7625 0.3953125 0.7625 0.63125 0.603125 0.63125
3 0.70625 0.25 0.846875 0.25 0.846875 0.4546875 0.70625 0.4546875
3 0.7671875 0.1796875 0.875 0.1796875 0.875 0.3421875 0.7671875 0.3421875
3 0.8765625 0.2375 0.984375 0.2375 0.984375 0.3984375 0.8765625 0.3984375
3 0.903125 0.3171875 1 0.3171875 1 0.4796875 0.903125 0.4796875
3 0.8296875 0.359375 0.9671875 0.359375 0.9671875 0.5703125 0.8296875 0.5703125
3 0.725 0.534375 0.928125 0.534375 0.928125 0.7953125 0.725 0.7953125