3 0.3484375 0.434375 0.6375 0.434375 0.6375 0.7296875 0.3484375 0.7296875
5 0.4671875 0.30625 0.74375 0.30625 0.74375 0.5265625 0.4671875 0.5265625
5 0.20625 0.140625 0.5203125 0.140625 0.5203125 0.4 0.20625 0.4
5 0.0625 0.6265625 0.41875 0.6265625 0.41875 0.9484375 0.0625 0.9484375
5 0.48125 0.7640625 0.665625 0.7640625 0.665625 0.9125 0.48125 0.9125
5 0.5515625 0.853125 0.7078125 0.853125 0.7078125 0.990625 0.5515625 0.990625
5 0.6765625 0.7796875 0.7703125 0.7796875 0.7703125 0.90625 0.6765625 0.90625
5 0.6375 0.6890625 0.8015625 0.6890625 0.8015625 0.8359375 0.6375 0.8359375
5 0.5625 0.53125 0.74375 0.53125 0.74375 0.7203125 0.5625 0.7203125
5 0.63125 0.1515625 0.7796875 0.1515625 0.7796875 0.3078125 0.63125 0.3078125
5 0.690625 0.4421875 0.828125 0.4421875 0.828125 0.584375 0.690625 0.584375
5 0.7640625 0.4140625 0.8671875 0.4140625 0.8671875 0.4828125 0.7640625 0.4828125