3 0.7296875 0 0.94375 0 0.94375 0.2234375 0.7296875 0.2234375
5 0.5484375 0 0.753125 0 0.753125 0.240625 0.5484375 0.240625
6 0.34375 0 0.5703125 0 0.5703125 0.2609375 0.34375 0.2609375
0 0.1671875 0.0125 0.36875 0.0125 0.36875 0.28125 0.1671875 0.28125
6 0 0.03125 0.196875 0.03125 0.196875 0.2953125 0 0.2953125
1 0.753125 0.209375 0.9671875 0.209375 0.9671875 0.4765625 0.753125 0.4765625
3 0.5640625 0.228125 0.7765625 0.228125 0.7765625 0.490625 0.5640625 0.490625
3 0.3734375 0.24375 0.58125 0.24375 0.58125 0.509375 0.3734375 0.509375
2 0.196875 0.25625 0.3859375 0.25625 0.3859375 0.5265625 0.196875 0.5265625
5 0 0.278125 0.2171875 0.278125 0.2171875 0.54375 0 0.54375
6 0.7734375 0.45625 0.996875 0.45625 0.996875 0.725 0.7734375 0.725
5 0.5859375 0.4765625 0.7953125 0.4765625 0.7953125 0.7390625 0.5859375 0.7390625
2 0.396875 0.4921875 0.6109375 0.4921875 0.6109375 0.7546875 0.396875 0.7546875
2 0.2109375 0.509375 0.4171875 0.509375 0.4171875 0.7796875 0.2109375 0.7796875
2 0.021875 0.5265625 0.2359375 0.5265625 0.2359375 0.79375 0.021875 0.79375
6 0.8 0.7078125 1 0.7078125 1 0.9734375 0.8 0.9734375
1 0.6109375 0.725 0.8234375 0.725 0.8234375 0.990625 0.6109375 0.990625
6 0.4296875 0.7453125 0.621875 0.7453125 0.621875 1 0.4296875 1
1 0.246875 0.75625 0.45 0.75625 0.45 1 0.246875 1
2 0.04375 0.7796875 0.2578125 0.7796875 0.2578125 1 0.04375 1