3 0.00625 0.015625 0.2125 0.015625 0.2125 0.271875 0.00625 0.271875
5 0.1984375 0.0078125 0.3953125 0.0078125 0.3953125 0.2640625 0.1984375 0.2640625
6 0.3796875 0 0.5984375 0 0.5984375 0.2546875 0.3796875 0.2546875
0 0.584375 0 0.7765625 0 0.7765625 0.25 0.584375 0.25
6 0.7546875 0 0.9734375 0 0.9734375 0.2375 0.7546875 0.2375
1 0.0203125 0.2640625 0.225 0.2640625 0.225 0.525 0.0203125 0.525
3 0.2109375 0.25625 0.415625 0.25625 0.415625 0.5125 0.2109375 0.5125
3 0.40625 0.2453125 0.60625 0.2453125 0.60625 0.5046875 0.40625 0.5046875
2 0.6015625 0.23125 0.78125 0.23125 0.78125 0.4953125 0.6015625 0.4953125
5 0.7703125 0.2296875 0.98125 0.2296875 0.98125 0.4890625 0.7703125 0.4890625
6 0.025 0.5125 0.2390625 0.5125 0.2390625 0.775 0.025 0.775
5 0.2265625 0.5046875 0.428125 0.5046875 0.428125 0.7609375 0.2265625 0.7609375
2 0.4109375 0.4953125 0.6171875 0.4953125 0.6171875 0.7515625 0.4109375 0.7515625
2 0.60625 0.484375 0.803125 0.484375 0.803125 0.7484375 0.60625 0.7484375
2 0.7890625 0.4765625 0.99375 0.4765625 0.99375 0.7375 0.7890625 0.7375
6 0.046875 0.7640625 0.246875 0.7640625 0.246875 1 0.046875 1
1 0.2328125 0.7546875 0.4375 0.7546875 0.4375 1 0.2328125 1
6 0.4328125 0.746875 0.6171875 0.746875 0.6171875 1 0.4328125 1
1 0.6078125 0.7359375 0.8015625 0.7359375 0.8015625 0.9953125 0.6078125 0.9953125
2 0.7984375 0.73125 1 0.73125 1 0.984375 0.7984375 0.984375