4 0.8296875 0.0765625 1 0.0765625 1 0.2921875 0.8296875 0.2921875
4 0.8 0.275 1 0.275 1 0.478125 0.8 0.478125
4 0.778125 0.4640625 0.978125 0.4640625 0.978125 0.6609375 0.778125 0.6609375
4 0.7453125 0.6421875 0.94375 0.6421875 0.94375 0.8515625 0.7453125 0.8515625
4 0.7046875 0.8171875 0.9265625 0.8171875 0.9265625 1 0.7046875 1
4 0.5234375 0.8125 0.734375 0.8125 0.734375 1 0.5234375 1
4 0.5671875 0.6234375 0.7609375 0.6234375 0.7609375 0.80625 0.5671875 0.80625
4 0.584375 0.4375 0.7875 0.4375 0.7875 0.63125 0.584375 0.63125
4 0.615625 0.2578125 0.8171875 0.2578125 0.8171875 0.4375 0.615625 0.4375
4 0.6421875 0.05 0.8421875 0.05 0.8421875 0.246875 0.6421875 0.246875
4 0.459375 0.0140625 0.6703125 0.0140625 0.6703125 0.221875 0.459375 0.221875
4 0.428125 0.21875 0.6171875 0.21875 0.6171875 0.396875 0.428125 0.396875
4 0.3953125 0.4125 0.596875 0.4125 0.596875 0.596875 0.3953125 0.596875
4 0.3703125 0.5953125 0.5609375 0.5953125 0.5609375 0.784375 0.3703125 0.784375
4 0.3234375 0.7890625 0.5453125 0.7890625 0.5453125 0.9671875 0.3234375 0.9671875
4 0.15625 0.76875 0.346875 0.76875 0.346875 0.9546875 0.15625 0.9546875
4 0.19375 0.5875 0.3734375 0.5875 0.3734375 0.7609375 0.19375 0.7609375
4 0.2078125 0.390625 0.4125 0.390625 0.4125 0.5609375 0.2078125 0.5609375
4 0.2421875 0.1953125 0.4453125 0.1953125 0.4453125 0.3875 0.2421875 0.3875
4 0.2640625 0 0.478125 0 0.478125 0.2046875 0.2640625 0.2046875
4 0.078125 0 0.284375 0 0.284375 0.1625 0.078125 0.1625
4 0.05 0.1671875 0.246875 0.1671875 0.246875 0.3453125 0.05 0.3453125
4 0.021875 0.3578125 0.21875 0.3578125 0.21875 0.5390625 0.021875 0.5390625
4 0 0.5203125 0.1890625 0.5203125 0.1890625 0.721875 0 0.721875
4 0 0.7265625 0.16875 0.7265625 0.16875 0.91875 0 0.91875