6 0.7546875 0.946875 0.9234375 0.946875 0.9234375 1 0.7546875 1
6 0.76875 0.825 0.9359375 0.825 0.9359375 0.959375 0.76875 0.959375
6 0.790625 0.725 0.95625 0.725 0.95625 0.85 0.790625 0.85
6 0.8078125 0.6171875 0.975 0.6171875 0.975 0.75 0.8078125 0.75
6 0.8296875 0.5109375 0.9953125 0.5109375 0.9953125 0.640625 0.8296875 0.640625
6 0.8453125 0.3953125 1 0.3953125 1 0.5265625 0.8453125 0.5265625
6 0.878125 0.18125 1 0.18125 1 0.3234375 0.878125 0.3234375
6 0.8703125 0.2984375 1 0.2984375 1 0.4171875 0.8703125 0.4171875
6 0.9078125 0.075 1 0.075 1 0.203125 0.9078125 0.203125
6 0.621875 0.921875 0.7578125 0.921875 0.7578125 1 0.621875 1
6 0.4640625 0.890625 0.615625 0.890625 0.615625 1 0.4640625 1
6 0.3296875 0.8671875 0.471875 0.8671875 0.471875 0.9921875 0.3296875 0.9921875
6 0.19375 0.834375 0.3421875 0.834375 0.3421875 0.965625 0.19375 0.965625
6 0.0265625 0.8171875 0.159375 0.8171875 0.159375 0.934375 0.0265625 0.934375
6 0.19375 0.7234375 0.35625 0.7234375 0.35625 0.8421875 0.19375 0.8421875
6 0.0875 0.715625 0.2 0.715625 0.2 0.8140625 0.0875 0.8140625
6 0.0921875 0.60625 0.20625 0.60625 0.20625 0.7125 0.0921875 0.7125
6 0.2734375 0.634375 0.3609375 0.634375 0.3609375 0.73125 0.2734375 0.73125
6 0.2421875 0.525 0.375 0.525 0.375 0.6234375 0.2421875 0.6234375
6 0.0890625 0.490625 0.2375 0.490625 0.2375 0.60625 0.0890625 0.60625
6 0.0953125 0.3734375 0.253125 0.3734375 0.253125 0.50625 0.0953125 0.50625
6 0.259375 0.4046875 0.396875 0.4046875 0.396875 0.528125 0.259375 0.528125
6 0.3984375 0.43125 0.565625 0.43125 0.565625 0.546875 0.3984375 0.546875
6 0.5546875 0.4703125 0.6859375 0.4703125 0.6859375 0.5796875 0.5546875 0.5796875
6 0.6859375 0.4828125 0.8546875 0.4828125 0.8546875 0.6125 0.6859375 0.6125
6 0.684375 0.36875 0.8625 0.36875 0.8625 0.4984375 0.684375 0.4984375
6 0.7296875 0.275 0.884375 0.275 0.884375 0.4015625 0.7296875 0.4015625
6 0.775 0.1546875 0.8953125 0.1546875 0.8953125 0.271875 0.775 0.271875
6 0.778125 0.0609375 0.903125 0.0609375 0.903125 0.1734375 0.778125 0.1734375
6 0.64375 0.034375 0.765625 0.034375 0.765625 0.1421875 0.64375 0.1421875
6 0.515625 0.01875 0.621875 0.01875 0.621875 0.1265625 0.515625 0.1265625
6 0.3578125 0 0.4609375 0 0.4609375 0.0859375 0.3578125 0.0859375
6 0.2265625 0 0.3140625 0 0.3140625 0.0421875 0.2265625 0.0421875
6 0.215625 0.0765625 0.3265625 0.0765625 0.3265625 0.1609375 0.215625 0.1609375
6 0.153125 0.1640625 0.2859375 0.1640625 0.2859375 0.28125 0.153125 0.28125
6 0.15625 0.2828125 0.2828125 0.2828125 0.2828125 0.3921875 0.15625 0.3921875
6 0.2578125 0.08125 0.7375 0.08125 0.7375 0.4640625 0.2578125 0.4640625
6 0.4046875 0.546875 0.8296875 0.546875 0.8296875 0.896875 0.4046875 0.896875