0 0.509375 0.5078125 0.65 0.5078125 0.65 0.640625 0.509375 0.640625
0 0.35625 0.809375 0.5140625 0.809375 0.5140625 0.96875 0.35625 0.96875
0 0.2953125 0.33125 0.4515625 0.33125 0.4515625 0.4828125 0.2953125 0.4828125
0 0 0.0765625 0.121875 0.0765625 0.121875 0.2046875 0 0.2046875
0 0 0.2078125 0.134375 0.2078125 0.134375 0.3421875 0 0.3421875
0 0.0109375 0.3609375 0.153125 0.3609375 0.153125 0.5109375 0.0109375 0.5109375
0 0.15 0.3421875 0.2921875 0.3421875 0.2921875 0.496875 0.15 0.496875
0 0.2765625 0.175 0.4359375 0.175 0.4359375 0.31875 0.2765625 0.31875
0 0.2515625 0.0390625 0.4171875 0.0390625 0.4171875 0.1703125 0.2515625 0.1703125
4 0.825 0.753125 0.98125 0.753125 0.98125 0.909375 0.825 0.909375
4 0.803125 0.60625 0.9625 0.60625 0.9625 0.753125 0.803125 0.753125
4 0.7828125 0.459375 0.94375 0.459375 0.94375 0.6078125 0.7828125 0.6078125
4 0.671875 0.7796875 0.8328125 0.7796875 0.8328125 0.93125 0.671875 0.93125
4 0.653125 0.6421875 0.80625 0.6421875 0.80625 0.775 0.653125 0.775
4 0.65 0.49375 0.7890625 0.49375 0.7890625 0.621875 0.65 0.621875
4 0.5359375 0.803125 0.671875 0.803125 0.671875 0.94375 0.5359375 0.94375
4 0.5265625 0.6609375 0.6609375 0.6609375 0.6609375 0.784375 0.5265625 0.784375
3 0.340625 0.66875 0.4859375 0.66875 0.4859375 0.809375 0.340625 0.809375
3 0.3265625 0.525 0.4765625 0.525 0.4765625 0.6625 0.3265625 0.6625
3 0.1765625 0.55625 0.3203125 0.55625 0.3203125 0.6859375 0.1765625 0.6859375
3 0.178125 0.6828125 0.3421875 0.6828125 0.3421875 0.825 0.178125 0.825
3 0.209375 0.84375 0.359375 0.84375 0.359375 0.98125 0.209375 0.98125
3 0.0609375 0.84375 0.20625 0.84375 0.20625 0.996875 0.0609375 0.996875
3 0.0484375 0.6875 0.1875 0.6875 0.1875 0.8453125 0.0484375 0.8453125
3 0.0375 0.5578125 0.178125 0.5578125 0.178125 0.6984375 0.0375 0.6984375
3 0.740625 0.121875 0.903125 0.121875 0.903125 0.2609375 0.740625 0.2609375
4 0.75 0.2625 0.9234375 0.2625 0.9234375 0.4203125 0.75 0.4203125
4 0.7140625 0 0.890625 0 0.890625 0.11875 0.7140625 0.11875
4 0.5796875 0 0.7359375 0 0.7359375 0.14375 0.5796875 0.14375
4 0.4390625 0.003125 0.5953125 0.003125 0.5953125 0.159375 0.4390625 0.159375
4 0.4609375 0.15625 0.60625 0.15625 0.60625 0.3015625 0.4609375 0.3015625
4 0.475 0.29375 0.6265625 0.29375 0.6265625 0.459375 0.475 0.459375
4 0.609375 0.2890625 0.7609375 0.2890625 0.7609375 0.4390625 0.609375 0.4390625