3 0.903125 0.078125 1 0.078125 1 0.203125 0.903125 0.203125
6 0.8859375 0.190625 1 0.190625 1 0.309375 0.8859375 0.309375
6 0.865625 0.2921875 1 0.2921875 1 0.415625 0.865625 0.415625
6 0.8421875 0.40625 1 0.40625 1 0.5296875 0.8421875 0.5296875
6 0.8203125 0.5109375 0.9859375 0.5109375 0.9859375 0.6359375 0.8203125 0.6359375
6 0.8140625 0.6203125 0.96875 0.6203125 0.96875 0.746875 0.8140625 0.746875
6 0.7921875 0.7046875 0.9640625 0.7046875 0.9640625 0.8515625 0.7921875 0.8515625
6 0.76875 0.83125 0.9296875 0.83125 0.9296875 0.9625 0.76875 0.9625
6 0.7546875 0.9578125 0.9203125 0.9578125 0.9203125 1 0.7546875 1
6 0.6140625 0.9125 0.7703125 0.9125 0.7703125 1 0.6140625 1
6 0.6390625 0.8125 0.7828125 0.8125 0.7828125 0.9203125 0.6390625 0.9203125
6 0.64375 0.703125 0.8109375 0.703125 0.8109375 0.8234375 0.64375 0.8234375
6 0.671875 0.5984375 0.8265625 0.5984375 0.8265625 0.71875 0.671875 0.71875
6 0.6890625 0.4890625 0.8421875 0.4890625 0.8421875 0.603125 0.6890625 0.603125
6 0.5421875 0.4515625 0.7046875 0.4515625 0.7046875 0.5828125 0.5421875 0.5828125
6 0.4078125 0.43125 0.5546875 0.43125 0.5546875 0.5578125 0.4078125 0.5578125
6 0.265625 0.4078125 0.40625 0.4078125 0.40625 0.521875 0.265625 0.521875
6 0.390625 0.6484375 0.615625 0.6484375 0.615625 0.809375 0.390625 0.809375
6 0.4671875 0.88125 0.6328125 0.88125 0.6328125 1 0.4671875 1
6 0.3265625 0.859375 0.4890625 0.859375 0.4890625 0.9953125 0.3265625 0.9953125
6 0.1828125 0.8375 0.334375 0.8375 0.334375 0.9640625 0.1828125 0.9640625
6 0.0359375 0.8140625 0.190625 0.8140625 0.190625 0.9390625 0.0359375 0.9390625
6 0.053125 0.7 0.2203125 0.7 0.2203125 0.8328125 0.053125 0.8328125
3 0.0640625 0.5984375 0.2453125 0.5984375 0.2453125 0.725 0.0640625 0.725
6 0.0890625 0.490625 0.2578125 0.490625 0.2578125 0.61875 0.0890625 0.61875
6 0.109375 0.3859375 0.2640625 0.3859375 0.2640625 0.5109375 0.109375 0.5109375
6 0.140625 0.2765625 0.278125 0.2765625 0.278125 0.4015625 0.140625 0.4015625
6 0.1546875 0.1640625 0.3109375 0.1640625 0.3109375 0.2953125 0.1546875 0.2953125
6 0.171875 0.05625 0.321875 0.05625 0.321875 0.1828125 0.171875 0.1828125
3 0.19375 0 0.3375 0 0.3375 0.06875 0.19375 0.06875
6 0.33125 0 0.4890625 0 0.4890625 0.09375 0.33125 0.09375
6 0.4875 0.0109375 0.6328125 0.0109375 0.6328125 0.128125 0.4875 0.128125
6 0.6234375 0.03125 0.7796875 0.03125 0.7796875 0.159375 0.6234375 0.159375
6 0.2859375 0.08125 0.4734375 0.08125 0.4734375 0.2171875 0.2859375 0.2171875
6 0.3 0.1953125 0.4625 0.1953125 0.4625 0.3359375 0.3 0.3359375
6 0.29375 0.309375 0.4421875 0.309375 0.4421875 0.425 0.29375 0.425
6 0.425 0.121875 0.9 0.121875 0.9 0.5078125 0.425 0.5078125
6 0.7734375 0.0484375 0.9265625 0.0484375 0.9265625 0.1875 0.7734375 0.1875