4 0.725 0 0.9359375 0 0.9359375 0.178125 0.725 0.178125
4 0.5375 0 0.7359375 0 0.7359375 0.2015625 0.5375 0.2015625
4 0.35625 0.0234375 0.5484375 0.0234375 0.5484375 0.21875 0.35625 0.21875
4 0.1640625 0.0515625 0.36875 0.0515625 0.36875 0.2453125 0.1640625 0.2453125
4 0 0.0609375 0.1890625 0.0609375 0.1890625 0.2765625 0 0.2765625
4 0 0.2515625 0.190625 0.2515625 0.190625 0.4578125 0 0.4578125
4 0.203125 0.234375 0.38125 0.234375 0.38125 0.4234375 0.203125 0.4234375
4 0.3796875 0.2140625 0.5671875 0.2140625 0.5671875 0.4125 0.3796875 0.4125
4 0.5734375 0.1921875 0.746875 0.1921875 0.746875 0.3890625 0.5734375 0.3890625
4 0.765625 0.1734375 0.9578125 0.1734375 0.9578125 0.36875 0.765625 0.36875
4 0.7828125 0.3484375 0.9859375 0.3484375 0.9859375 0.553125 0.7828125 0.553125
4 0.6078125 0.3921875 0.7796875 0.3921875 0.7796875 0.5765625 0.6078125 0.5765625
4 0.4078125 0.40625 0.5859375 0.40625 0.5859375 0.603125 0.4078125 0.603125
4 0.21875 0.4359375 0.403125 0.4359375 0.403125 0.621875 0.21875 0.621875
4 0.0359375 0.44375 0.2078125 0.44375 0.2078125 0.6625 0.0359375 0.6625
4 0.040625 0.64375 0.221875 0.64375 0.221875 0.8296875 0.040625 0.8296875
4 0.234375 0.6234375 0.403125 0.6234375 0.403125 0.7984375 0.234375 0.7984375
4 0.434375 0.5921875 0.6 0.5921875 0.6 0.7921875 0.434375 0.7921875
4 0.6109375 0.565625 0.796875 0.565625 0.796875 0.7640625 0.6109375 0.7640625
4 0.7921875 0.5375 1 0.5375 1 0.746875 0.7921875 0.746875
4 0.828125 0.7328125 1 0.7328125 1 0.934375 0.828125 0.934375
4 0.6453125 0.7640625 0.81875 0.7640625 0.81875 0.95625 0.6453125 0.95625
4 0.4515625 0.7859375 0.628125 0.7859375 0.628125 0.978125 0.4515625 0.978125
4 0.265625 0.8078125 0.4609375 0.8078125 0.4609375 1 0.265625 1
4 0.0671875 0.8203125 0.2546875 0.8203125 0.2546875 1 0.0671875 1