6 0.1 0 0.2734375 0 0.2734375 0.0390625 0.1 0.0390625
6 0.084375 0.0203125 0.2546875 0.0203125 0.2546875 0.1609375 0.084375 0.1609375
6 0.059375 0.128125 0.228125 0.128125 0.228125 0.259375 0.059375 0.259375
6 0.034375 0.228125 0.2046875 0.228125 0.2046875 0.3671875 0.034375 0.3671875
6 0.0078125 0.3359375 0.178125 0.3359375 0.178125 0.471875 0.0078125 0.471875
6 0 0.446875 0.153125 0.446875 0.153125 0.584375 0 0.584375
6 0 0.6484375 0.1109375 0.6484375 0.1109375 0.7984375 0 0.7984375
6 0 0.5546875 0.1234375 0.5546875 0.1234375 0.6796875 0 0.6796875
6 0 0.765625 0.075 0.765625 0.075 0.9 0 0.9
6 0.2640625 0 0.4046875 0 0.4046875 0.0703125 0.2640625 0.0703125
6 0.4046875 0 0.5609375 0 0.5609375 0.109375 0.4046875 0.109375
6 0.5484375 0.0109375 0.6953125 0.0109375 0.6953125 0.1421875 0.5484375 0.1421875
6 0.6765625 0.0453125 0.8296875 0.0453125 0.8296875 0.18125 0.6765625 0.18125
6 0.859375 0.0859375 0.9953125 0.0859375 0.9953125 0.2078125 0.859375 0.2078125
6 0.6578125 0.1671875 0.8234375 0.1671875 0.8234375 0.2921875 0.6578125 0.2921875
6 0.8125 0.203125 0.928125 0.203125 0.928125 0.30625 0.8125 0.30625
6 0.8015625 0.3046875 0.91875 0.3046875 0.91875 0.415625 0.8015625 0.415625
6 0.646875 0.278125 0.7375 0.278125 0.7375 0.378125 0.646875 0.378125
6 0.628125 0.384375 0.7640625 0.384375 0.7640625 0.4875 0.628125 0.4875
6 0.7640625 0.409375 0.915625 0.409375 0.915625 0.53125 0.7640625 0.53125
6 0.7421875 0.509375 0.903125 0.509375 0.903125 0.646875 0.7421875 0.646875
6 0.5984375 0.478125 0.740625 0.478125 0.740625 0.60625 0.5984375 0.60625
6 0.4328125 0.4515625 0.603125 0.4515625 0.603125 0.575 0.4328125 0.575
6 0.315625 0.4125 0.45 0.4125 0.45 0.5265625 0.315625 0.5265625
6 0.146875 0.3703125 0.3203125 0.3703125 0.3203125 0.50625 0.146875 0.50625
6 0.1328125 0.4828125 0.3140625 0.4828125 0.3140625 0.6203125 0.1328125 0.6203125
6 0.10625 0.5796875 0.265625 0.5796875 0.265625 0.7125 0.10625 0.7125
6 0.0890625 0.709375 0.2140625 0.709375 0.2140625 0.8296875 0.0890625 0.8296875
6 0.0765625 0.80625 0.2046875 0.80625 0.2046875 0.9234375 0.0765625 0.9234375
6 0.2125 0.84375 0.3375 0.84375 0.3375 0.95625 0.2125 0.95625
6 0.3546875 0.8671875 0.4640625 0.8671875 0.4640625 0.9796875 0.3546875 0.9796875
6 0.5125 0.9140625 0.61875 0.9140625 0.61875 1 0.5125 1
6 0.6578125 0.9671875 0.746875 0.9671875 0.746875 1 0.6578125 1
6 0.653125 0.8484375 0.765625 0.8484375 0.765625 0.9375 0.653125 0.9375
6 0.6984375 0.73125 0.834375 0.73125 0.834375 0.853125 0.6984375 0.853125
6 0.7078125 0.6203125 0.8375 0.6203125 0.8375 0.734375 0.7078125 0.734375
6 0.2453125 0.5265625 0.7359375 0.5265625 0.7359375 0.928125 0.2453125 0.928125
6 0.178125 0.0890625 0.6140625 0.0890625 0.6140625 0.4546875 0.178125 0.4546875