3 0.3265625 0.4171875 0.65 0.4171875 0.65 0.7453125 0.3265625 0.7453125
5 0.26875 0.2671875 0.56875 0.2671875 0.56875 0.5203125 0.26875 0.5203125
5 0.5171875 0.1625 0.859375 0.1625 0.859375 0.459375 0.5171875 0.459375
5 0.4859375 0.6578125 0.878125 0.6578125 0.878125 1 0.4859375 1
5 0.246875 0.7265625 0.446875 0.7265625 0.446875 0.896875 0.246875 0.896875
5 0.1859375 0.8 0.3578125 0.8 0.3578125 0.95625 0.1859375 0.95625
5 0.146875 0.709375 0.25625 0.709375 0.25625 0.8453125 0.146875 0.8453125
5 0.134375 0.61875 0.3140625 0.61875 0.3140625 0.784375 0.134375 0.784375
5 0.2203125 0.4796875 0.4234375 0.4796875 0.4234375 0.6890625 0.2203125 0.6890625
5 0.284375 0.1015625 0.45 0.1015625 0.45 0.2734375 0.284375 0.2734375
5 0.16875 0.371875 0.3234375 0.371875 0.3234375 0.5296875 0.16875 0.5296875
5 0.1515625 0.3328125 0.2625 0.3328125 0.2625 0.4140625 0.1515625 0.4140625