6 0.85625 0.0390625 1 0.0390625 1 0.2015625 0.85625 0.2015625
3 0.69375 0.028125 0.8453125 0.028125 0.8453125 0.190625 0.69375 0.190625
3 0.5296875 0.0015625 0.671875 0.0015625 0.671875 0.1734375 0.5296875 0.1734375
3 0.36875 0 0.5234375 0 0.5234375 0.15 0.36875 0.15
3 0.209375 0 0.38125 0 0.38125 0.1421875 0.209375 0.1421875
3 0.0390625 0 0.225 0 0.225 0.1453125 0.0390625 0.1453125
3 0.01875 0.1484375 0.2125 0.1484375 0.2125 0.3109375 0.01875 0.3109375
3 0.2109375 0.1578125 0.35625 0.1578125 0.35625 0.3234375 0.2109375 0.3234375
3 0.3796875 0.1671875 0.503125 0.1671875 0.503125 0.3140625 0.3796875 0.3140625
3 0.5328125 0.175 0.671875 0.175 0.671875 0.309375 0.5328125 0.309375
3 0.6921875 0.1953125 0.8234375 0.1953125 0.8234375 0.3328125 0.6921875 0.3328125
3 0.85625 0.2078125 0.996875 0.2078125 0.996875 0.346875 0.85625 0.346875
3 0.840625 0.365625 0.99375 0.365625 0.99375 0.5 0.840625 0.5
3 0.6734375 0.365625 0.825 0.365625 0.825 0.4875 0.6734375 0.4875
3 0.5234375 0.3453125 0.6671875 0.3453125 0.6671875 0.48125 0.5234375 0.48125
3 0.01875 0.309375 0.18125 0.309375 0.18125 0.459375 0.01875 0.459375
3 0.0078125 0.4609375 0.1578125 0.4609375 0.1578125 0.61875 0.0078125 0.61875
3 0.1640625 0.4796875 0.3140625 0.4796875 0.3140625 0.634375 0.1640625 0.634375
3 0.3265625 0.4984375 0.5015625 0.4984375 0.5015625 0.65 0.3265625 0.65
3 0.4796875 0.4921875 0.64375 0.4921875 0.64375 0.65625 0.4796875 0.65625
3 0.6578125 0.5171875 0.8046875 0.5171875 0.8046875 0.684375 0.6578125 0.684375
3 0.8296875 0.5046875 0.9671875 0.5046875 0.9671875 0.6703125 0.8296875 0.6703125
3 0.81875 0.659375 0.9609375 0.659375 0.9609375 0.825 0.81875 0.825
3 0.6515625 0.665625 0.7921875 0.665625 0.7921875 0.8421875 0.6515625 0.8421875
3 0.496875 0.675 0.6640625 0.675 0.6640625 0.821875 0.496875 0.821875
3 0.31875 0.65 0.4921875 0.65 0.4921875 0.7828125 0.31875 0.7828125
3 0.1984375 0.6328125 0.3296875 0.6328125 0.3296875 0.7796875 0.1984375 0.7796875
3 0 0.6296875 0.153125 0.6296875 0.153125 0.7640625 0 0.7640625
3 0 0.7984375 0.146875 0.7984375 0.146875 0.940625 0 0.940625
3 0.1671875 0.821875 0.290625 0.821875 0.290625 0.925 0.1671875 0.925
3 0.3125 0.8171875 0.4703125 0.8171875 0.4703125 0.95625 0.3125 0.95625
3 0.484375 0.8359375 0.640625 0.8359375 0.640625 0.9671875 0.484375 0.9671875
3 0.6328125 0.8296875 0.7875 0.8296875 0.7875 0.9703125 0.6328125 0.9703125
3 0.79375 0.8609375 0.9453125 0.8609375 0.9453125 0.9890625 0.79375 0.9890625