3 0.0859375 0.7 0.4078125 0.7 0.4078125 0.890625 0.0859375 0.890625
3 0.496875 0.846875 0.715625 0.846875 0.715625 0.96875 0.496875 0.96875
3 0.0203125 0.3734375 0.3625 0.3734375 0.3625 0.5890625 0.0203125 0.5890625
3 0.1890625 0.1375 0.5625 0.1375 0.5625 0.340625 0.1890625 0.340625
3 0.434375 0.1671875 0.7171875 0.1671875 0.7171875 0.315625 0.434375 0.315625
3 0.5734375 0.2734375 0.8265625 0.2734375 0.8265625 0.4015625 0.5734375 0.4015625
3 0.409375 0.5484375 0.678125 0.5484375 0.678125 0.690625 0.409375 0.690625
3 0.55 0.4765625 0.74375 0.4765625 0.74375 0.6 0.55 0.6
3 0.7125 0.5390625 0.8859375 0.5390625 0.8859375 0.6390625 0.7125 0.6390625
3 0.7125 0.734375 0.834375 0.734375 0.834375 0.8078125 0.7125 0.8078125
3 0.7359375 0.7921875 0.8875 0.7921875 0.8875 0.8984375 0.7359375 0.8984375
3 0.6328125 0.921875 0.8171875 0.921875 0.8171875 1 0.6328125 1
3 0.0796875 0 0.4265625 0 0.4265625 0.071875 0.0796875 0.071875
3 0.46875 0 0.759375 0 0.759375 0.1578125 0.46875 0.1578125
3 0.6046875 0.140625 0.828125 0.140625 0.828125 0.259375 0.6046875 0.259375
3 0.753125 0.1375 0.9046875 0.1375 0.9046875 0.234375 0.753125 0.234375
3 0.8140625 0.0796875 0.9859375 0.0796875 0.9859375 0.2046875 0.8140625 0.2046875
3 0.7421875 0.2390625 0.9140625 0.2390625 0.9140625 0.34375 0.7421875 0.34375
3 0.7046875 0.4234375 0.8890625 0.4234375 0.8890625 0.5171875 0.7046875 0.5171875
3 0.759375 0.48125 0.925 0.48125 0.925 0.5796875 0.759375 0.5796875
3 0.9296875 0.559375 0.9953125 0.559375 0.9953125 0.609375 0.9296875 0.609375
3 0.903125 0.521875 0.978125 0.521875 0.978125 0.5828125 0.903125 0.5828125