5 0.809375 0.1140625 1 0.1140625 1 0.353125 0.809375 0.353125
5 0.765625 0.3453125 1 0.3453125 1 0.5734375 0.765625 0.5734375
5 0.7265625 0.596875 0.9453125 0.596875 0.9453125 0.7890625 0.7265625 0.7890625
5 0.68125 0.821875 0.8859375 0.821875 0.8859375 1 0.68125 1
4 0.440625 0.7765625 0.6515625 0.7765625 0.6515625 1 0.440625 1
5 0.4828125 0.5421875 0.7109375 0.5421875 0.7109375 0.7734375 0.4828125 0.7734375
5 0.55625 0.2984375 0.771875 0.2984375 0.771875 0.50625 0.55625 0.50625
5 0.6109375 0.0765625 0.81875 0.0765625 0.81875 0.2875 0.6109375 0.2875
5 0.315625 0.24375 0.5390625 0.24375 0.5390625 0.471875 0.315625 0.471875
5 0.2703125 0.48125 0.475 0.48125 0.475 0.68125 0.2703125 0.68125
5 0.1375 0 0.3578125 0 0.3578125 0.175 0.1375 0.175
5 0.0390625 0.440625 0.2515625 0.440625 0.2515625 0.6265625 0.0390625 0.6265625
5 0 0.6421875 0.2015625 0.6421875 0.2015625 0.85625 0 0.85625
5 0.18125 0.690625 0.446875 0.690625 0.446875 0.9515625 0.18125 0.9515625
4 0.3625 0.009375 0.58125 0.009375 0.58125 0.2390625 0.3625 0.2390625
4 0.071875 0.1984375 0.296875 0.1984375 0.296875 0.403125 0.071875 0.403125