6 0.75 0.734375 0.928125 0.734375 0.928125 0.940625 0.75 0.940625
6 0.76875 0.4484375 0.9328125 0.4484375 0.9328125 0.65 0.76875 0.65
6 0.73125 0.2375 0.928125 0.2375 0.928125 0.44375 0.73125 0.44375
6 0.771875 0.0296875 0.9328125 0.0296875 0.9328125 0.209375 0.771875 0.209375
6 0.5546875 0.0265625 0.734375 0.0265625 0.734375 0.21875 0.5546875 0.21875
6 0.5515625 0.33125 0.721875 0.33125 0.721875 0.5375 0.5515625 0.5375
6 0.528125 0.6984375 0.7078125 0.6984375 0.7078125 0.890625 0.528125 0.890625
6 0.35 0.6796875 0.4984375 0.6796875 0.4984375 0.9390625 0.35 0.9390625
6 0.3171875 0.3890625 0.525 0.3890625 0.525 0.64375 0.3171875 0.64375
6 0.3265625 0.0453125 0.503125 0.0453125 0.503125 0.31875 0.3265625 0.31875
6 0.1640625 0.1265625 0.296875 0.1265625 0.296875 0.2890625 0.1640625 0.2890625
6 0.128125 0.3390625 0.290625 0.3390625 0.290625 0.4734375 0.128125 0.4734375
6 0.109375 0.475 0.3046875 0.475 0.3046875 0.64375 0.109375 0.64375
6 0.11875 0.659375 0.3046875 0.659375 0.3046875 0.909375 0.11875 0.909375
6 0 0.7546875 0.0953125 0.7546875 0.0953125 0.921875 0 0.921875
6 0.0046875 0.0140625 0.1046875 0.0140625 0.1046875 0.271875 0.0046875 0.271875