0 0.3421875 0.4984375 0.4890625 0.4984375 0.4890625 0.6390625 0.3421875 0.6390625
0 0.45625 0.809375 0.621875 0.809375 0.621875 0.9765625 0.45625 0.9765625
0 0.5515625 0.3359375 0.715625 0.3359375 0.715625 0.496875 0.5515625 0.496875
0 0.8984375 0.1046875 1 0.1046875 1 0.240625 0.8984375 0.240625
0 0.8765625 0.2359375 1 0.2359375 1 0.3765625 0.8765625 0.3765625
0 0.8484375 0.3859375 0.9984375 0.3859375 0.9984375 0.54375 0.8484375 0.54375
0 0.709375 0.3578125 0.8609375 0.3578125 0.8609375 0.5203125 0.709375 0.5203125
0 0.578125 0.1828125 0.7453125 0.1828125 0.7453125 0.334375 0.578125 0.334375
0 0.6078125 0.046875 0.7796875 0.046875 0.7796875 0.1875 0.6078125 0.1875
4 0 0.71875 0.1578125 0.71875 0.1578125 0.884375 0 0.884375
4 0.021875 0.575 0.1890625 0.575 0.1890625 0.7296875 0.021875 0.7296875
4 0.053125 0.4296875 0.2203125 0.4296875 0.2203125 0.5859375 0.053125 0.5859375
4 0.140625 0.7578125 0.309375 0.7578125 0.309375 0.9171875 0.140625 0.9171875
4 0.1765625 0.6203125 0.3375 0.6203125 0.3375 0.7625 0.1765625 0.7625
4 0.2046875 0.475 0.35 0.475 0.35 0.6109375 0.2046875 0.6109375
4 0.2984375 0.7921875 0.4421875 0.7921875 0.4421875 0.9390625 0.2984375 0.9390625
4 0.321875 0.65 0.4625 0.65 0.4625 0.78125 0.321875 0.78125
3 0.49375 0.6703125 0.646875 0.6703125 0.646875 0.81875 0.49375 0.81875
3 0.5140625 0.528125 0.6703125 0.528125 0.6703125 0.6734375 0.5140625 0.6734375
3 0.6671875 0.56875 0.8171875 0.56875 0.8171875 0.70625 0.6671875 0.70625
3 0.6359375 0.69375 0.8078125 0.69375 0.8078125 0.8453125 0.6359375 0.8453125
3 0.6078125 0.853125 0.7640625 0.853125 0.7640625 0.9984375 0.6078125 0.9984375
3 0.759375 0.8640625 0.9125 0.8640625 0.9125 1 0.759375 1
3 0.790625 0.7109375 0.9375 0.7109375 0.9375 0.875 0.790625 0.875
3 0.8078125 0.58125 0.95625 0.58125 0.95625 0.7296875 0.8078125 0.7296875
3 0.1171875 0.0953125 0.2859375 0.0953125 0.2859375 0.24375 0.1171875 0.24375
4 0.0859375 0.234375 0.2671875 0.234375 0.2671875 0.4015625 0.0859375 0.4015625
4 0.1375 0 0.321875 0 0.321875 0.1046875 0.1375 0.1046875
4 0.2890625 0 0.453125 0 0.453125 0.1375 0.2890625 0.1375
4 0.4296875 0 0.5953125 0 0.5953125 0.1625 0.4296875 0.1625
4 0.409375 0.15 0.5625 0.15 0.5625 0.303125 0.409375 0.303125
4 0.378125 0.2859375 0.5390625 0.2859375 0.5390625 0.459375 0.378125 0.459375
4 0.2453125 0.2734375 0.4046875 0.2734375 0.4046875 0.43125 0.2453125 0.43125