5 0.665625 0 0.9078125 0 0.9078125 0.196875 0.665625 0.196875
5 0.7171875 0.1953125 0.946875 0.1953125 0.946875 0.41875 0.7171875 0.41875
5 0.778125 0.446875 0.9921875 0.446875 0.9921875 0.6328125 0.778125 0.6328125
5 0.83125 0.671875 1 0.671875 1 0.8671875 0.83125 0.8671875
4 0.5984375 0.728125 0.803125 0.728125 0.803125 0.95 0.5984375 0.95
5 0.5421875 0.490625 0.7640625 0.490625 0.7640625 0.7171875 0.5421875 0.7171875
5 0.5046875 0.2421875 0.715625 0.2421875 0.715625 0.4453125 0.5046875 0.4453125
5 0.465625 0.0203125 0.66875 0.0203125 0.66875 0.2265625 0.465625 0.2265625
5 0.2671875 0.2890625 0.484375 0.2890625 0.484375 0.5125 0.2671875 0.5125
5 0.3171875 0.528125 0.5171875 0.528125 0.5171875 0.7234375 0.3171875 0.7234375
5 0 0.1203125 0.2046875 0.1203125 0.2046875 0.3109375 0 0.3109375
5 0.084375 0.584375 0.29375 0.584375 0.29375 0.765625 0.084375 0.765625
5 0.1171875 0.790625 0.3359375 0.790625 0.3359375 1 0.1171875 1
5 0.3296875 0.7421875 0.590625 0.7421875 0.590625 0.996875 0.3296875 0.996875
4 0.2140625 0.05625 0.428125 0.05625 0.428125 0.28125 0.2140625 0.28125
4 0.0203125 0.346875 0.240625 0.346875 0.240625 0.546875 0.0203125 0.546875