6 0.7296875 0.8984375 0.9171875 0.8984375 0.9171875 1 0.7296875 1
3 0.7578125 0.7265625 0.9515625 0.7265625 0.9515625 0.921875 0.7578125 0.921875
3 0.8515625 0.2609375 1 0.2609375 1 0.4421875 0.8515625 0.4421875
3 0.896875 0.0921875 1 0.0921875 1 0.2703125 0.896875 0.2703125
3 0.728125 0.0578125 0.915625 0.0578125 0.915625 0.24375 0.728125 0.24375
3 0.6921875 0.221875 0.890625 0.221875 0.890625 0.4078125 0.6921875 0.4078125
3 0.6703125 0.3734375 0.8671875 0.3734375 0.8671875 0.5546875 0.6703125 0.5546875
3 0.63125 0.54375 0.815625 0.54375 0.815625 0.71875 0.63125 0.71875
3 0.603125 0.7046875 0.78125 0.7046875 0.78125 0.871875 0.603125 0.871875
3 0.55625 0.8578125 0.7546875 0.8578125 0.7546875 1 0.55625 1
3 0.4328125 0.859375 0.5734375 0.859375 0.5734375 0.9875 0.4328125 0.9875
3 0.465625 0.6734375 0.6109375 0.6734375 0.6109375 0.8390625 0.465625 0.8390625
3 0.5171875 0.5234375 0.6515625 0.5234375 0.6515625 0.6625 0.5171875 0.6625
3 0.5140625 0.3515625 0.68125 0.3515625 0.68125 0.525 0.5140625 0.525
3 0.56875 0.1984375 0.7171875 0.1984375 0.7171875 0.3609375 0.56875 0.3609375
3 0.5984375 0.0296875 0.7515625 0.0296875 0.7515625 0.1984375 0.5984375 0.1984375
3 0.415625 0 0.578125 0 0.578125 0.16875 0.415625 0.16875
3 0.415625 0.1671875 0.5671875 0.1671875 0.5671875 0.3421875 0.415625 0.3421875
3 0.375 0.3296875 0.534375 0.3296875 0.534375 0.5015625 0.375 0.5015625
3 0.346875 0.4765625 0.50625 0.4765625 0.50625 0.6484375 0.346875 0.6484375
3 0.3046875 0.64375 0.465625 0.64375 0.465625 0.8140625 0.3046875 0.8140625
3 0.2828125 0.803125 0.428125 0.803125 0.428125 0.9734375 0.2828125 0.9734375
3 0.1265625 0.784375 0.253125 0.784375 0.253125 0.9203125 0.1265625 0.9203125
3 0.1578125 0.615625 0.296875 0.615625 0.296875 0.775 0.1578125 0.775
3 0.1953125 0.4703125 0.325 0.4703125 0.325 0.603125 0.1953125 0.603125
3 0.2078125 0.3078125 0.35 0.3078125 0.35 0.4984375 0.2078125 0.4984375
3 0.2625 0.1515625 0.3875 0.1515625 0.3875 0.2796875 0.2625 0.2796875
3 0.2546875 0 0.4375 0 0.4375 0.1328125 0.2546875 0.1328125
3 0.09375 0 0.2671875 0 0.2671875 0.096875 0.09375 0.096875
3 0.0921875 0.109375 0.2375 0.109375 0.2375 0.271875 0.0921875 0.271875
3 0.053125 0.2625 0.2109375 0.2625 0.2109375 0.4140625 0.053125 0.4140625
3 0.0265625 0.409375 0.18125 0.409375 0.18125 0.5671875 0.0265625 0.5671875
3 0 0.5828125 0.14375 0.5828125 0.14375 0.73125 0 0.73125
3 0 0.715625 0.109375 0.715625 0.109375 0.90625 0 0.90625