3 0.04375 0 0.2421875 0 0.2421875 0.159375 0.04375 0.159375
3 0.0390625 0.15625 0.2390625 0.15625 0.2390625 0.321875 0.0390625 0.321875
3 0.034375 0.3078125 0.234375 0.3078125 0.234375 0.478125 0.034375 0.478125
3 0.2453125 0 0.4453125 0 0.4453125 0.1734375 0.2453125 0.1734375
3 0.228125 0.1609375 0.4234375 0.1609375 0.4234375 0.3296875 0.228125 0.3296875
3 0.2234375 0.3203125 0.409375 0.3203125 0.409375 0.4984375 0.2234375 0.4984375
3 0.4078125 0.3296875 0.6 0.3296875 0.6 0.5046875 0.4078125 0.5046875
3 0.421875 0.1734375 0.6203125 0.1734375 0.6203125 0.34375 0.421875 0.34375
3 0.4296875 0.0140625 0.634375 0.0140625 0.634375 0.184375 0.4296875 0.184375
3 0.621875 0.0203125 0.809375 0.0203125 0.809375 0.203125 0.621875 0.203125
3 0.8125 0.0328125 1 0.0328125 1 0.2171875 0.8125 0.2171875
3 0.79375 0.2015625 1 0.2015625 1 0.378125 0.79375 0.378125
3 0.7765625 0.3578125 0.984375 0.3578125 0.984375 0.5328125 0.7765625 0.5328125
5 0.7765625 0.5234375 0.9796875 0.5234375 0.9796875 0.696875 0.7765625 0.696875
5 0.5828125 0.5125 0.78125 0.5125 0.78125 0.6734375 0.5828125 0.6734375
5 0.3921875 0.4921875 0.584375 0.4921875 0.584375 0.665625 0.3921875 0.665625
5 0.20625 0.490625 0.403125 0.490625 0.403125 0.6515625 0.20625 0.6515625
5 0.0109375 0.4671875 0.21875 0.4671875 0.21875 0.63125 0.0109375 0.63125
5 0.0015625 0.6375 0.2046875 0.6375 0.2046875 0.7984375 0.0015625 0.7984375
5 0 0.79375 0.190625 0.79375 0.190625 0.96875 0 0.96875
5 0.190625 0.809375 0.3859375 0.809375 0.3859375 0.9796875 0.190625 0.9796875
5 0.196875 0.6484375 0.3953125 0.6484375 0.3953125 0.80625 0.196875 0.80625
5 0.3953125 0.6609375 0.5890625 0.6609375 0.5890625 0.81875 0.3953125 0.81875
5 0.371875 0.81875 0.575 0.81875 0.575 0.996875 0.371875 0.996875
5 0.553125 0.8328125 0.765625 0.8328125 0.765625 1 0.553125 1
5 0.7609375 0.8484375 0.9421875 0.8484375 0.9421875 1 0.7609375 1
5 0.759375 0.6859375 0.9625 0.6859375 0.9625 0.8484375 0.759375 0.8484375