4 0.8171875 0.0578125 1 0.0578125 1 0.265625 0.8171875 0.265625
4 0.7984375 0.259375 1 0.259375 1 0.4546875 0.7984375 0.4546875
4 0.784375 0.446875 0.9765625 0.446875 0.9765625 0.6359375 0.784375 0.6359375
4 0.7609375 0.6265625 0.9515625 0.6265625 0.9515625 0.828125 0.7609375 0.828125
4 0.73125 0.8046875 0.94375 0.8046875 0.94375 1 0.73125 1
4 0.55 0.8078125 0.753125 0.8078125 0.753125 1 0.55 1
4 0.58125 0.61875 0.76875 0.61875 0.76875 0.79375 0.58125 0.79375
4 0.5890625 0.4328125 0.7859375 0.4328125 0.7859375 0.6171875 0.5890625 0.6171875
4 0.609375 0.2515625 0.8046875 0.2515625 0.8046875 0.421875 0.609375 0.421875
4 0.628125 0.040625 0.8203125 0.040625 0.8203125 0.2296875 0.628125 0.2296875
4 0.44375 0.015625 0.6453125 0.015625 0.6453125 0.215625 0.44375 0.215625
4 0.421875 0.221875 0.6046875 0.221875 0.6046875 0.3921875 0.421875 0.3921875
4 0.3984375 0.4171875 0.59375 0.4171875 0.59375 0.5921875 0.3984375 0.5921875
4 0.384375 0.6 0.5671875 0.6 0.5671875 0.7828125 0.384375 0.7828125
4 0.346875 0.7953125 0.5625 0.7953125 0.5625 0.9640625 0.346875 0.9640625
4 0.1796875 0.784375 0.3625 0.784375 0.3625 0.9640625 0.1796875 0.9640625
4 0.20625 0.603125 0.378125 0.603125 0.378125 0.76875 0.20625 0.76875
4 0.209375 0.4046875 0.4078125 0.4046875 0.4078125 0.5671875 0.209375 0.5671875
4 0.2359375 0.209375 0.43125 0.209375 0.43125 0.3921875 0.2359375 0.3921875
4 0.246875 0 0.453125 0 0.453125 0.2078125 0.246875 0.2078125
4 0.059375 0 0.2578125 0 0.2578125 0.175 0.059375 0.175
4 0.040625 0.190625 0.23125 0.190625 0.23125 0.3609375 0.040625 0.3609375
4 0.0234375 0.38125 0.2140625 0.38125 0.2140625 0.5546875 0.0234375 0.5546875
4 0 0.5453125 0.1921875 0.5453125 0.1921875 0.7390625 0 0.7390625
4 0 0.753125 0.1828125 0.753125 0.1828125 0.9375 0 0.9375