3 0.440625 0.365625 0.721875 0.365625 0.721875 0.640625 0.440625 0.640625
5 0.3078125 0.2671875 0.5140625 0.2671875 0.5140625 0.5328125 0.3078125 0.5328125
5 0.15625 0.4984375 0.4 0.4984375 0.4 0.8 0.15625 0.8
5 0.6484375 0.5734375 0.953125 0.5734375 0.953125 0.9140625 0.6484375 0.9140625
5 0.765625 0.321875 0.9046875 0.321875 0.9046875 0.4984375 0.765625 0.4984375
5 0.85 0.2734375 0.9796875 0.2734375 0.9796875 0.4234375 0.85 0.4234375
5 0.76875 0.215625 0.890625 0.215625 0.890625 0.303125 0.76875 0.303125
5 0.68125 0.1890625 0.8203125 0.1890625 0.8203125 0.3453125 0.68125 0.3453125
5 0.528125 0.2546875 0.7078125 0.2546875 0.7078125 0.4265625 0.528125 0.4265625
5 0.1453125 0.2390625 0.29375 0.2390625 0.29375 0.3796875 0.1453125 0.3796875
5 0.4328125 0.175 0.56875 0.175 0.56875 0.30625 0.4328125 0.30625
5 0.4 0.1375 0.4640625 0.1375 0.4640625 0.2375 0.4 0.2375