3 0.096875 0.8734375 0.3140625 0.8734375 0.3140625 1 0.096875 1
3 0.0703125 0.715625 0.2875 0.715625 0.2875 0.9046875 0.0703125 0.9046875
3 0.0453125 0.5609375 0.2625 0.5609375 0.2625 0.7546875 0.0453125 0.7546875
3 0.2953125 0.83125 0.515625 0.83125 0.515625 1 0.2953125 1
3 0.25625 0.68125 0.46875 0.68125 0.46875 0.871875 0.25625 0.871875
3 0.2265625 0.5171875 0.4328125 0.5171875 0.4328125 0.715625 0.2265625 0.715625
3 0.4109375 0.4828125 0.621875 0.4828125 0.621875 0.6796875 0.4109375 0.6796875
3 0.4453125 0.6390625 0.6609375 0.6390625 0.6609375 0.8328125 0.4453125 0.8328125
3 0.4765625 0.796875 0.6984375 0.796875 0.6984375 0.9921875 0.4765625 0.9921875
3 0.6640625 0.7546875 0.871875 0.7546875 0.871875 0.9578125 0.6640625 0.9578125
3 0.85 0.709375 1 0.709375 1 0.9171875 0.85 0.9171875
3 0.809375 0.5515625 1 0.5515625 1 0.753125 0.809375 0.753125
3 0.7703125 0.403125 0.996875 0.403125 0.996875 0.6015625 0.7703125 0.6015625
5 0.7484375 0.240625 0.9703125 0.240625 0.9703125 0.4375 0.7484375 0.4375
5 0.559375 0.290625 0.775 0.290625 0.775 0.475 0.559375 0.475
5 0.371875 0.3265625 0.5828125 0.3265625 0.5828125 0.521875 0.371875 0.521875
5 0.1890625 0.365625 0.403125 0.365625 0.403125 0.55 0.1890625 0.55
5 0 0.4125 0.2234375 0.4125 0.2234375 0.6 0 0.6
5 0 0.2453125 0.1859375 0.2453125 0.1859375 0.43125 0 0.43125
5 0 0.0796875 0.15 0.0796875 0.15 0.278125 0 0.278125
5 0.1296875 0.04375 0.3421875 0.04375 0.3421875 0.2359375 0.1296875 0.2359375
5 0.159375 0.2140625 0.375 0.2140625 0.375 0.3953125 0.159375 0.3953125
5 0.353125 0.175 0.5640625 0.175 0.5640625 0.35625 0.353125 0.35625
5 0.30625 0 0.528125 0 0.528125 0.2015625 0.30625 0.2015625
5 0.4859375 0 0.715625 0 0.715625 0.1609375 0.4859375 0.1609375
5 0.6875 0 0.8875 0 0.8875 0.1171875 0.6875 0.1171875
5 0.709375 0.0921875 0.9296875 0.0921875 0.9296875 0.2796875 0.709375 0.2796875