6 0.70625 0.96875 0.88125 0.96875 0.88125 1 0.70625 1
6 0.7296875 0.85 0.903125 0.85 0.903125 0.99375 0.7296875 0.99375
6 0.7609375 0.7515625 0.93125 0.7515625 0.93125 0.8875 0.7609375 0.8875
6 0.7875 0.6453125 0.9609375 0.6453125 0.9609375 0.7875 0.7875 0.7875
6 0.81875 0.5421875 0.990625 0.5421875 0.990625 0.6828125 0.81875 0.6828125
6 0.84375 0.4265625 1 0.4265625 1 0.56875 0.84375 0.56875
6 0.89375 0.215625 1 0.215625 1 0.3703125 0.89375 0.3703125
6 0.878125 0.3328125 1 0.3328125 1 0.4625 0.878125 0.4625
6 0.934375 0.1140625 1 0.1140625 1 0.2515625 0.934375 0.2515625
6 0.575 0.9328125 0.71875 0.9328125 0.71875 1 0.575 1
6 0.421875 0.8875 0.5796875 0.8875 0.5796875 1 0.421875 1
6 0.2890625 0.853125 0.4390625 0.853125 0.4390625 0.9875 0.2890625 0.9875
6 0.15625 0.809375 0.3109375 0.809375 0.3109375 0.9484375 0.15625 0.9484375
6 0 0.775 0.13125 0.775 0.13125 0.9 0 0.9
6 0.1671875 0.696875 0.334375 0.696875 0.334375 0.8265625 0.1671875 0.8265625
6 0.0640625 0.6796875 0.1828125 0.6796875 0.1828125 0.7859375 0.0640625 0.7859375
6 0.0765625 0.5703125 0.196875 0.5703125 0.196875 0.684375 0.0765625 0.684375
6 0.25625 0.615625 0.35 0.615625 0.35 0.7171875 0.25625 0.7171875
6 0.234375 0.5046875 0.371875 0.5046875 0.371875 0.6109375 0.234375 0.6109375
6 0.0828125 0.45625 0.2375 0.45625 0.2375 0.58125 0.0828125 0.58125
6 0.0984375 0.340625 0.2625 0.340625 0.2625 0.4828125 0.0984375 0.4828125
6 0.2609375 0.3859375 0.4046875 0.3859375 0.4046875 0.5171875 0.2609375 0.5171875
6 0.396875 0.425 0.56875 0.425 0.56875 0.5515625 0.396875 0.5515625
6 0.55 0.4765625 0.6859375 0.4765625 0.6859375 0.59375 0.55 0.59375
6 0.6765625 0.5015625 0.8515625 0.5015625 0.8515625 0.6421875 0.6765625 0.6421875
6 0.6859375 0.3875 0.8703125 0.3875 0.8703125 0.5296875 0.6859375 0.5296875
6 0.7390625 0.296875 0.9 0.296875 0.9 0.434375 0.7390625 0.434375
6 0.7953125 0.1828125 0.921875 0.1828125 0.921875 0.30625 0.7953125 0.30625
6 0.8078125 0.0890625 0.9375 0.0890625 0.9375 0.209375 0.8078125 0.209375
6 0.675 0.05 0.803125 0.05 0.803125 0.165625 0.675 0.165625
6 0.55 0.0234375 0.6625 0.0234375 0.6625 0.1375 0.55 0.1375
6 0.3953125 0 0.5046875 0 0.5046875 0.0828125 0.3953125 0.0828125
6 0.26875 0 0.359375 0 0.359375 0.0265625 0.26875 0.0265625
6 0.2484375 0.0546875 0.3625 0.0546875 0.3625 0.146875 0.2484375 0.146875
6 0.175 0.1359375 0.3140625 0.1359375 0.3140625 0.2609375 0.175 0.2609375
6 0.16875 0.25625 0.3015625 0.25625 0.3015625 0.3734375 0.16875 0.3734375
6 0.26875 0.0671875 0.765625 0.0671875 0.765625 0.48125 0.26875 0.48125
6 0.3765625 0.54375 0.81875 0.54375 0.81875 0.9203125 0.3765625 0.9203125