6 0 0.81875 0.1484375 0.81875 0.1484375 0.9796875 0 0.9796875
3 0 0.6421875 0.1609375 0.6421875 0.1609375 0.8140625 0 0.8140625
3 0.0125 0.1703125 0.1875 0.1703125 0.1875 0.325 0.0125 0.325
3 0.0171875 0 0.1828125 0 0.1828125 0.1484375 0.0171875 0.1484375
3 0.190625 0.003125 0.353125 0.003125 0.353125 0.1640625 0.190625 0.1640625
3 0.1765625 0.1703125 0.3515625 0.1703125 0.3515625 0.3296875 0.1765625 0.3296875
3 0.1609375 0.3234375 0.3359375 0.3234375 0.3359375 0.478125 0.1609375 0.478125
3 0.171875 0.4984375 0.334375 0.4984375 0.334375 0.6484375 0.171875 0.6484375
3 0.165625 0.6625 0.3234375 0.6625 0.3234375 0.80625 0.165625 0.80625
3 0.1515625 0.8203125 0.325 0.8203125 0.325 0.99375 0.1515625 0.99375
3 0.3328125 0.8546875 0.4578125 0.8546875 0.4578125 0.9640625 0.3328125 0.9640625
3 0.3390625 0.665625 0.4625 0.665625 0.4625 0.8140625 0.3390625 0.8140625
3 0.3375 0.509375 0.4546875 0.509375 0.4546875 0.63125 0.3375 0.63125
3 0.3484375 0.3390625 0.4921875 0.3390625 0.4921875 0.4921875 0.3484375 0.4921875
3 0.3515625 0.1796875 0.478125 0.1796875 0.478125 0.325 0.3515625 0.325
3 0.359375 0.0078125 0.4890625 0.0078125 0.4890625 0.1578125 0.359375 0.1578125
3 0.5359375 0.0078125 0.6734375 0.0078125 0.6734375 0.1734375 0.5359375 0.1734375
3 0.5046875 0.184375 0.63125 0.184375 0.63125 0.3421875 0.5046875 0.3421875
3 0.496875 0.353125 0.6328125 0.353125 0.6328125 0.50625 0.496875 0.50625
3 0.4890625 0.503125 0.625 0.503125 0.625 0.65625 0.4890625 0.65625
3 0.4875 0.675 0.6265625 0.675 0.6265625 0.825 0.4875 0.825
3 0.4859375 0.834375 0.6078125 0.834375 0.6078125 0.9890625 0.4859375 0.9890625
3 0.6625 0.8578125 0.771875 0.8578125 0.771875 0.978125 0.6625 0.978125
3 0.659375 0.684375 0.7765625 0.684375 0.7765625 0.8265625 0.659375 0.8265625
3 0.6671875 0.5359375 0.7796875 0.5359375 0.7796875 0.6515625 0.6671875 0.6515625
3 0.68125 0.3734375 0.796875 0.3734375 0.796875 0.5484375 0.68125 0.5484375
3 0.6859375 0.2109375 0.79375 0.2109375 0.79375 0.3234375 0.6859375 0.3234375
3 0.68125 0.0078125 0.840625 0.0078125 0.840625 0.1734375 0.68125 0.1734375
3 0.8515625 0.0328125 1 0.0328125 1 0.1765625 0.8515625 0.1765625
3 0.8390625 0.209375 0.9625 0.209375 0.9625 0.3546875 0.8390625 0.3546875
3 0.8265625 0.3671875 0.965625 0.3671875 0.965625 0.4984375 0.8265625 0.4984375
3 0.821875 0.5140625 0.95625 0.5140625 0.95625 0.653125 0.821875 0.653125
3 0.8140625 0.6953125 0.9578125 0.6953125 0.9578125 0.821875 0.8140625 0.821875
3 0.8125 0.83125 0.9578125 0.83125 0.9578125 1 0.8125 1