6 0.0046875 0.1109375 0.2328125 0.1109375 0.2328125 0.315625 0.0046875 0.315625
6 0.2921875 0.0640625 0.5140625 0.0640625 0.5140625 0.2546875 0.2921875 0.2546875
6 0.496875 0.040625 0.728125 0.040625 0.728125 0.2640625 0.496875 0.2640625
6 0.7296875 0.0078125 0.928125 0.0078125 0.928125 0.190625 0.7296875 0.190625
6 0.746875 0.203125 0.9609375 0.203125 0.9609375 0.4078125 0.746875 0.4078125
6 0.434375 0.2578125 0.6609375 0.2578125 0.6609375 0.4546875 0.434375 0.4546875
6 0.0859375 0.321875 0.3 0.321875 0.3 0.5265625 0.0859375 0.5265625
6 0.0671875 0.5265625 0.3421875 0.5265625 0.3421875 0.709375 0.0671875 0.709375
6 0.35625 0.4609375 0.6359375 0.4609375 0.6359375 0.7015625 0.35625 0.7015625
6 0.68125 0.434375 0.975 0.434375 0.975 0.646875 0.68125 0.646875
6 0.7375 0.65 0.9171875 0.65 0.9171875 0.803125 0.7375 0.803125
6 0.55625 0.6859375 0.7109375 0.6859375 0.7109375 0.865625 0.55625 0.865625
6 0.3859375 0.690625 0.5796875 0.690625 0.5796875 0.90625 0.3859375 0.90625
6 0.1234375 0.7171875 0.3953125 0.7171875 0.3953125 0.934375 0.1234375 0.934375
6 0.1375 0.9359375 0.3171875 0.9359375 0.3171875 1 0.1375 1
6 0.78125 0.8234375 1 0.8234375 1 0.9578125 0.78125 0.9578125