6 0 0.715625 0.09375 0.715625 0.09375 0.903125 0 0.903125
3 0 0.5453125 0.1390625 0.5453125 0.1390625 0.74375 0 0.74375
3 0.0546875 0.084375 0.2546875 0.084375 0.2546875 0.2671875 0.0546875 0.2671875
3 0.09375 0 0.284375 0 0.284375 0.09375 0.09375 0.09375
3 0.2609375 0 0.45 0 0.45 0.140625 0.2609375 0.140625
3 0.215625 0.115625 0.415625 0.115625 0.415625 0.303125 0.215625 0.303125
3 0.171875 0.2640625 0.371875 0.2640625 0.371875 0.446875 0.171875 0.446875
3 0.15 0.4359375 0.3359375 0.4359375 0.3359375 0.6125 0.15 0.6125
3 0.1140625 0.5953125 0.2953125 0.5953125 0.2953125 0.765625 0.1140625 0.765625
3 0.0640625 0.75 0.2640625 0.75 0.2640625 0.95 0.0640625 0.95
3 0.2484375 0.8171875 0.390625 0.8171875 0.390625 0.946875 0.2484375 0.946875
3 0.2828125 0.6328125 0.43125 0.6328125 0.43125 0.8 0.2828125 0.8
3 0.3171875 0.478125 0.453125 0.478125 0.453125 0.61875 0.3171875 0.61875
3 0.353125 0.3140625 0.521875 0.3140625 0.521875 0.490625 0.353125 0.490625
3 0.3890625 0.1578125 0.5390625 0.1578125 0.5390625 0.321875 0.3890625 0.321875
3 0.4265625 0 0.58125 0 0.58125 0.1609375 0.4265625 0.1609375
3 0.6 0.0265625 0.7640625 0.0265625 0.7640625 0.2125 0.6 0.2125
3 0.5359375 0.1921875 0.6890625 0.1921875 0.6890625 0.36875 0.5359375 0.36875
3 0.496875 0.35625 0.6578125 0.35625 0.6578125 0.5296875 0.496875 0.5296875
3 0.4609375 0.5015625 0.621875 0.5015625 0.621875 0.675 0.4609375 0.675
3 0.4265625 0.6703125 0.590625 0.6703125 0.590625 0.8421875 0.4265625 0.8421875
3 0.39375 0.8265625 0.5421875 0.8265625 0.5421875 0.9984375 0.39375 0.9984375
3 0.56875 0.88125 0.696875 0.88125 0.696875 1 0.56875 1
3 0.5953125 0.7109375 0.7359375 0.7109375 0.7359375 0.871875 0.5953125 0.871875
3 0.6359375 0.5671875 0.7671875 0.5671875 0.7671875 0.7015625 0.6359375 0.7015625
3 0.6703125 0.4109375 0.815625 0.4109375 0.815625 0.603125 0.6703125 0.603125
3 0.7171875 0.2515625 0.84375 0.2515625 0.84375 0.38125 0.7171875 0.38125
3 0.740625 0.0515625 0.9265625 0.0515625 0.9265625 0.2421875 0.740625 0.2421875
3 0.90625 0.109375 1 0.109375 1 0.278125 0.90625 0.278125
3 0.8609375 0.2796875 1 0.2796875 1 0.44375 0.8609375 0.44375
3 0.821875 0.4328125 0.98125 0.4328125 0.98125 0.5859375 0.821875 0.5859375
3 0.7875 0.5765625 0.94375 0.5765625 0.94375 0.7359375 0.7875 0.7359375
3 0.746875 0.753125 0.909375 0.753125 0.909375 0.903125 0.746875 0.903125
3 0.7125 0.8859375 0.8859375 0.8859375 0.8859375 1 0.7125 1