3 0.1046875 0.5796875 0.28125 0.5796875 0.28125 0.896875 0.1046875 0.896875
3 0.0421875 0.265625 0.1546875 0.265625 0.1546875 0.48125 0.0421875 0.48125
3 0.403125 0.6421875 0.603125 0.6421875 0.603125 0.978125 0.403125 0.978125
3 0.6625 0.4546875 0.8484375 0.4546875 0.8484375 0.8234375 0.6625 0.8234375
3 0.696875 0.2984375 0.83125 0.2984375 0.83125 0.578125 0.696875 0.578125
3 0.615625 0.1828125 0.73125 0.1828125 0.73125 0.434375 0.615625 0.434375
3 0.31875 0.3171875 0.4484375 0.3171875 0.4484375 0.5828125 0.31875 0.5828125
3 0.4109375 0.25625 0.5265625 0.25625 0.5265625 0.4453125 0.4109375 0.4453125
3 0.38125 0.1125 0.4734375 0.1125 0.4734375 0.2828125 0.38125 0.2828125
3 0.2109375 0.153125 0.2796875 0.153125 0.2796875 0.2734375 0.2109375 0.2734375
3 0.121875 0.096875 0.2203125 0.096875 0.2203125 0.2453125 0.121875 0.2453125
3 0 0.159375 0.0859375 0.159375 0.0859375 0.340625 0 0.340625
3 0 0.0765625 0.0140625 0.0765625 0.0140625 0.1515625 0 0.1515625
3 0.921875 0.5984375 1 0.5984375 1 0.94375 0.921875 0.94375
3 0.853125 0.2640625 1 0.2640625 1 0.55 0.853125 0.55
3 0.7578125 0.190625 0.865625 0.190625 0.865625 0.4109375 0.7578125 0.4109375
3 0.7875 0.1140625 0.878125 0.1140625 0.878125 0.2625 0.7875 0.2625
3 0.8203125 0.0359375 0.9375 0.0359375 0.9375 0.2046875 0.8203125 0.2046875
3 0.678125 0.1 0.775 0.1 0.775 0.26875 0.678125 0.26875
3 0.503125 0.1140625 0.5875 0.1140625 0.5875 0.296875 0.503125 0.296875
3 0.4421875 0.075 0.5328125 0.075 0.5328125 0.2390625 0.4421875 0.2390625
3 0.4171875 0.0015625 0.4640625 0.0015625 0.4640625 0.065625 0.4171875 0.065625
3 0.4421875 0.021875 0.5 0.021875 0.5 0.0953125 0.4421875 0.0953125