5 0.8265625 0.4453125 1 0.4453125 1 0.8703125 0.8265625 0.8703125
5 0.671875 0.48125 0.8625 0.48125 0.8625 0.875 0.671875 0.875
5 0.5046875 0.4859375 0.70625 0.4859375 0.70625 0.8984375 0.5046875 0.8984375
5 0.8015625 0.0640625 0.996875 0.0640625 0.996875 0.465625 0.8015625 0.465625
5 0.29375 0.103125 0.5046875 0.103125 0.5046875 0.515625 0.29375 0.515625
5 0.13125 0.115625 0.3328125 0.115625 0.3328125 0.53125 0.13125 0.53125
5 0.1671875 0.5203125 0.3703125 0.5203125 0.3703125 0.925 0.1671875 0.925
5 0.3359375 0.509375 0.5375 0.509375 0.5375 0.915625 0.3359375 0.915625
5 0.0015625 0.5328125 0.2015625 0.5328125 0.2015625 0.940625 0.0015625 0.940625
5 0 0.1359375 0.1625 0.1359375 0.1625 0.5484375 0 0.5484375
5 0.4734375 0.0921875 0.6625 0.0921875 0.6625 0.490625 0.4734375 0.490625
6 0.6359375 0.075 0.83125 0.075 0.83125 0.478125 0.6359375 0.478125