5 0.5515625 0.746875 0.9890625 0.746875 0.9890625 0.9890625 0.5515625 0.9890625
5 0.5421875 0.59375 0.946875 0.59375 0.946875 0.821875 0.5421875 0.821875
5 0.5015625 0.428125 0.9265625 0.428125 0.9265625 0.66875 0.5015625 0.66875
5 0.1765625 0.8296875 0.5890625 0.8296875 0.5890625 1 0.1765625 1
5 0.0765625 0.3296875 0.5015625 0.3296875 0.5015625 0.5796875 0.0765625 0.5796875
5 0.0421875 0.171875 0.4703125 0.171875 0.4703125 0.4125 0.0421875 0.4125
5 0.4421875 0.0953125 0.8578125 0.0953125 0.8578125 0.3375 0.4421875 0.3375
5 0.478125 0.2625 0.896875 0.2625 0.896875 0.5015625 0.478125 0.5015625
5 0.40625 0 0.8265625 0 0.8265625 0.1703125 0.40625 0.1703125
5 0.0171875 0.009375 0.440625 0.009375 0.440625 0.24375 0.0171875 0.24375
5 0.1140625 0.509375 0.5234375 0.509375 0.5234375 0.7359375 0.1140625 0.7359375
6 0.1421875 0.66875 0.55625 0.66875 0.55625 0.903125 0.1421875 0.903125