3 0 0.0375 0.13125 0.0375 0.13125 0.146875 0 0.146875
6 0 0.15 0.1390625 0.15 0.1390625 0.2546875 0 0.2546875
6 0 0.2546875 0.146875 0.2546875 0.146875 0.3640625 0 0.3640625
6 0.0078125 0.3703125 0.159375 0.3703125 0.159375 0.4796875 0.0078125 0.4796875
6 0.0140625 0.475 0.1703125 0.475 0.1703125 0.5859375 0.0140625 0.5859375
6 0.01875 0.584375 0.1640625 0.584375 0.1640625 0.6984375 0.01875 0.6984375
6 0.015625 0.6703125 0.1765625 0.6703125 0.1765625 0.803125 0.015625 0.803125
6 0.0359375 0.8 0.1875 0.8 0.1875 0.9171875 0.0359375 0.9171875
6 0.03125 0.9265625 0.1890625 0.9265625 0.1890625 1 0.03125 1
6 0.184375 0.896875 0.33125 0.896875 0.33125 1 0.184375 1
6 0.184375 0.79375 0.321875 0.79375 0.321875 0.8890625 0.184375 0.8890625
6 0.16875 0.6859375 0.328125 0.6859375 0.328125 0.7921875 0.16875 0.7921875
6 0.1640625 0.578125 0.309375 0.578125 0.309375 0.6859375 0.1640625 0.6859375
6 0.159375 0.4671875 0.3046875 0.4671875 0.3046875 0.5671875 0.159375 0.5671875
6 0.3 0.4453125 0.453125 0.4453125 0.453125 0.5625 0.3 0.5625
6 0.4515625 0.4390625 0.5890625 0.4390625 0.5890625 0.553125 0.4515625 0.553125
6 0.6015625 0.43125 0.734375 0.43125 0.734375 0.534375 0.6015625 0.534375
6 0.3671875 0.6578125 0.58125 0.6578125 0.58125 0.7984375 0.3671875 0.7984375
6 0.3234375 0.8796875 0.4796875 0.8796875 0.4796875 1 0.3234375 1
6 0.471875 0.8734375 0.625 0.8734375 0.625 0.9953125 0.471875 0.9953125
6 0.628125 0.8671875 0.7703125 0.8671875 0.7703125 0.98125 0.628125 0.98125
6 0.7734375 0.8578125 0.91875 0.8578125 0.91875 0.9703125 0.7734375 0.9703125
6 0.75625 0.74375 0.9140625 0.74375 0.9140625 0.8625 0.75625 0.8625
3 0.7421875 0.640625 0.9140625 0.640625 0.9140625 0.7515625 0.7421875 0.7515625
6 0.740625 0.5328125 0.9 0.5328125 0.9 0.646875 0.740625 0.646875
6 0.7453125 0.425 0.890625 0.425 0.890625 0.5375 0.7453125 0.5375
6 0.7421875 0.3140625 0.8703125 0.3140625 0.8703125 0.4265625 0.7421875 0.4265625
6 0.721875 0.2 0.86875 0.2 0.86875 0.31875 0.721875 0.31875
6 0.721875 0.090625 0.8625 0.090625 0.8625 0.2046875 0.721875 0.2046875
3 0.7140625 0 0.8515625 0 0.8515625 0.0890625 0.7140625 0.0890625
6 0.5625 0 0.7125 0 0.7125 0.0984375 0.5625 0.0984375
6 0.4171875 0.0140625 0.5546875 0.0140625 0.5546875 0.11875 0.4171875 0.11875
6 0.26875 0.01875 0.415625 0.01875 0.415625 0.1328125 0.26875 0.1328125
6 0.5671875 0.103125 0.746875 0.103125 0.746875 0.2234375 0.5671875 0.2234375
6 0.5671875 0.215625 0.71875 0.215625 0.71875 0.3421875 0.5671875 0.3421875
6 0.575 0.33125 0.715625 0.33125 0.715625 0.434375 0.575 0.434375
6 0.134375 0.125 0.58125 0.125 0.58125 0.471875 0.134375 0.471875
6 0.121875 0.0203125 0.2640625 0.0203125 0.2640625 0.146875 0.121875 0.146875