3 0.253125 0.9296875 0.3890625 0.9296875 0.3890625 1 0.253125 1
3 0.2859375 0.815625 0.4046875 0.815625 0.4046875 0.8984375 0.2859375 0.8984375
3 0.2359375 0.703125 0.353125 0.703125 0.353125 0.784375 0.2359375 0.784375
3 0.3375 0.621875 0.45 0.621875 0.45 0.7 0.3375 0.7
3 0.253125 0.553125 0.3703125 0.553125 0.3703125 0.6234375 0.253125 0.6234375
3 0.2328125 0.478125 0.334375 0.478125 0.334375 0.5375 0.2328125 0.5375
3 0.2796875 0.375 0.4015625 0.375 0.4015625 0.4546875 0.2796875 0.4546875
3 0.2546875 0.2796875 0.3640625 0.2796875 0.3640625 0.353125 0.2546875 0.353125
3 0.159375 0.2203125 0.2765625 0.2203125 0.2765625 0.290625 0.159375 0.290625
3 0.1359375 0.13125 0.246875 0.13125 0.246875 0.196875 0.1359375 0.196875
3 0.1125 0.0453125 0.240625 0.0453125 0.240625 0.109375 0.1125 0.109375