6 0.7671875 0.1109375 0.9953125 0.1109375 0.9953125 0.315625 0.7671875 0.315625
6 0.4859375 0.0640625 0.7078125 0.0640625 0.7078125 0.2546875 0.4859375 0.2546875
6 0.271875 0.040625 0.503125 0.040625 0.503125 0.2640625 0.271875 0.2640625
6 0.071875 0.0078125 0.2703125 0.0078125 0.2703125 0.190625 0.071875 0.190625
6 0.040625 0.203125 0.2546875 0.203125 0.2546875 0.4078125 0.040625 0.4078125
6 0.340625 0.2578125 0.5671875 0.2578125 0.5671875 0.4546875 0.340625 0.4546875
6 0.7015625 0.321875 0.915625 0.321875 0.915625 0.5265625 0.7015625 0.5265625
6 0.659375 0.5265625 0.934375 0.5265625 0.934375 0.709375 0.659375 0.709375
6 0.365625 0.4609375 0.6453125 0.4609375 0.6453125 0.7015625 0.365625 0.7015625
6 0.0265625 0.434375 0.3203125 0.434375 0.3203125 0.646875 0.0265625 0.646875
6 0.0828125 0.65 0.2625 0.65 0.2625 0.803125 0.0828125 0.803125
6 0.2890625 0.6859375 0.44375 0.6859375 0.44375 0.865625 0.2890625 0.865625
6 0.4203125 0.690625 0.6140625 0.690625 0.6140625 0.90625 0.4203125 0.90625
6 0.60625 0.7171875 0.878125 0.7171875 0.878125 0.934375 0.60625 0.934375
6 0.68125 0.9359375 0.8609375 0.9359375 0.8609375 1 0.68125 1
6 0 0.8234375 0.2171875 0.8234375 0.2171875 0.9578125 0 0.9578125