3 0.4625 0.76875 0.7859375 0.76875 0.7859375 0.96875 0.4625 0.96875
3 0.1390625 0.775 0.359375 0.775 0.359375 0.903125 0.1390625 0.903125
3 0.621875 0.4859375 0.9671875 0.4859375 0.9671875 0.7109375 0.621875 0.7109375
3 0.5265625 0.1984375 0.9015625 0.1984375 0.9015625 0.4125 0.5265625 0.4125
3 0.384375 0.153125 0.66875 0.153125 0.66875 0.309375 0.384375 0.309375
3 0.2484375 0.20625 0.503125 0.20625 0.503125 0.3421875 0.2484375 0.3421875
3 0.2796875 0.51875 0.55 0.51875 0.55 0.66875 0.2796875 0.66875
3 0.2515625 0.415625 0.446875 0.415625 0.446875 0.5453125 0.2515625 0.5453125
3 0.103125 0.41875 0.2765625 0.41875 0.2765625 0.525 0.103125 0.525
3 0.084375 0.6109375 0.2078125 0.6109375 0.2078125 0.6875 0.084375 0.6875
3 0.0046875 0.6484375 0.1578125 0.6484375 0.1578125 0.7578125 0.0046875 0.7578125
3 0.01875 0.8015625 0.2046875 0.8015625 0.2046875 0.9234375 0.01875 0.9234375
3 0.7421875 0.04375 1 0.04375 1 0.2046875 0.7421875 0.2046875
3 0.40625 0 0.6984375 0 0.6984375 0.15 0.40625 0.15
3 0.3 0.078125 0.525 0.078125 0.525 0.203125 0.3 0.203125
3 0.2375 0.034375 0.390625 0.034375 0.390625 0.1359375 0.2375 0.1359375
3 0.1765625 0 0.3515625 0 0.3515625 0.0828125 0.1765625 0.0828125
3 0.1890625 0.1296875 0.3625 0.1296875 0.3625 0.2390625 0.1890625 0.2390625
3 0.14375 0.3109375 0.3296875 0.3109375 0.3296875 0.4109375 0.14375 0.4109375
3 0.0875 0.3484375 0.2546875 0.3484375 0.2546875 0.4515625 0.0875 0.4515625
3 0.00625 0.3796875 0.0734375 0.3796875 0.0734375 0.43125 0.00625 0.43125
3 0.034375 0.353125 0.1109375 0.353125 0.1109375 0.415625 0.034375 0.415625