3 0.0609375 0 0.2203125 0 0.2203125 0.0734375 0.0609375 0.0734375
6 0.0515625 0.0703125 0.20625 0.0703125 0.20625 0.1828125 0.0515625 0.1828125
6 0.0375 0.1734375 0.19375 0.1734375 0.19375 0.290625 0.0375 0.290625
6 0.0265625 0.2875 0.1828125 0.2875 0.1828125 0.4046875 0.0265625 0.4046875
6 0.0140625 0.39375 0.175 0.39375 0.175 0.5109375 0.0140625 0.5109375
6 0 0.5 0.146875 0.5 0.146875 0.6203125 0 0.6203125
6 0 0.584375 0.140625 0.584375 0.140625 0.7234375 0 0.7234375
6 0 0.7140625 0.128125 0.7140625 0.128125 0.8390625 0 0.8390625
6 0 0.8390625 0.1078125 0.8390625 0.1078125 0.940625 0 0.940625
6 0.1 0.8390625 0.2515625 0.8390625 0.2515625 0.9625 0.1 0.9625
6 0.121875 0.7375 0.2625 0.7375 0.2625 0.8390625 0.121875 0.8390625
6 0.125 0.6296875 0.2890625 0.6296875 0.2890625 0.7421875 0.125 0.7421875
6 0.1421875 0.521875 0.2921875 0.521875 0.2921875 0.6359375 0.1421875 0.6359375
6 0.159375 0.4125 0.3078125 0.4125 0.3078125 0.51875 0.159375 0.51875
6 0.3 0.41875 0.4578125 0.41875 0.4578125 0.54375 0.3 0.54375
6 0.4484375 0.4390625 0.5921875 0.4390625 0.5921875 0.559375 0.4484375 0.559375
6 0.6 0.4609375 0.7375 0.4609375 0.7375 0.56875 0.6 0.56875
6 0.3203125 0.64375 0.540625 0.64375 0.540625 0.79375 0.3203125 0.79375
6 0.2390625 0.85 0.4 0.85 0.4 0.98125 0.2390625 0.98125
6 0.3859375 0.8703125 0.54375 0.8703125 0.54375 1 0.3859375 1
6 0.5390625 0.8921875 0.6875 0.8921875 0.6875 1 0.5390625 1
6 0.684375 0.9125 0.834375 0.9125 0.834375 1 0.684375 1
6 0.6890625 0.7984375 0.8515625 0.7984375 0.8515625 0.9234375 0.6890625 0.9234375
3 0.6953125 0.696875 0.871875 0.696875 0.871875 0.815625 0.6953125 0.815625
6 0.715625 0.5890625 0.8796875 0.5890625 0.8796875 0.709375 0.715625 0.709375
6 0.740625 0.4828125 0.890625 0.4828125 0.890625 0.6015625 0.740625 0.6015625
6 0.7578125 0.371875 0.8921875 0.371875 0.8921875 0.490625 0.7578125 0.490625
6 0.759375 0.2578125 0.9109375 0.2578125 0.9109375 0.3828125 0.759375 0.3828125
6 0.78125 0.15 0.928125 0.15 0.928125 0.2703125 0.78125 0.2703125
3 0.7953125 0.053125 0.9359375 0.053125 0.9359375 0.15625 0.7953125 0.15625
6 0.64375 0.0265625 0.7984375 0.0265625 0.7984375 0.1390625 0.64375 0.1390625
6 0.4984375 0.015625 0.640625 0.015625 0.640625 0.1265625 0.4984375 0.1265625
6 0.35 0 0.5015625 0 0.5015625 0.1125 0.35 0.1125
6 0.6265625 0.1359375 0.8109375 0.1359375 0.8109375 0.2640625 0.6265625 0.2640625
6 0.6046875 0.24375 0.7609375 0.24375 0.7609375 0.378125 0.6046875 0.378125
6 0.5921875 0.3578125 0.7375 0.3578125 0.7375 0.4671875 0.5921875 0.4671875
6 0.1671875 0.0921875 0.6296875 0.0921875 0.6296875 0.459375 0.1671875 0.459375
6 0.203125 0 0.35 0 0.35 0.0984375 0.203125 0.0984375